169
6
895999
671750
 0 1 1 27 15 6 (D 0,1,1) (S 5,8,8) (S 1,2,2) (S 9,1,5) (S 18,2,9) (D 0,1,1) 
 0 1 2 27 36 9 (D 0,1,1) (S 8,5,7) (S 28,7,9) (S None,2,1) (S 13,8,10) (S None,8,7) (S 6,9,9) (S None,6,2) (D 0,1,1) 
 0 1 3 27 31 6 (D 0,1,1) (S None,8,4) (S 4,7,7) (S None,9,4) (S 19,4,7) (D 0,1,1) 
 0 1 4 25 28 7 (D 0,1,1) (S 2,3,3) (S 16,3,10) (S 22,2,4) (S None,9,6) (S None,11,6) (D 0,1,1) 
 0 1 5 24 31 7 (D 0,1,1) (S 10,3,11) (S 25,1,3) (S None,10,1) (S 3,6,6) (S 24,1,6) (D 0,1,1) 
 0 1 6 24 28 4 (D 0,1,1) (S None,10,9) (S 17,6,10) (S None,11,1) 
