214
6
907749
475749
 0 1 1 5 72 7 (D 0,1,1) (S 1,2,2) (S 3,4,4) (S 14,12,13) (S 17,1,4) (S None,13,5) (D 0,1,1) 
 0 1 2 5 39 7 (D 0,1,1) (S None,10,9) (S 16,10,11) (S 23,8,10) (S None,9,2) (S 18,2,4) (D 0,1,1) 
 0 1 3 5 25 7 (D 0,1,1) (S None,12,6) (S 13,5,12) (S 12,6,7) (S None,8,7) (S 6,8,8) (D 0,1,1) 
 0 1 4 5 35 6 (D 0,1,1) (S 11,1,2) (S 7,9,9) (S 20,1,10) (S 5,7,7) (D 0,1,1) 
 0 1 5 5 29 5 (D 0,1,1) (S None,12,1) (S None,6,5) (S 2,3,3) (D 0,1,1) 
 0 1 6 1 14 3 (D 0,1,1) (S 4,5,5) (D 0,1,1) 
