1254
9
7518999
5393000
 0 1 1 75 150 13 (D 0,1,1) (S 2,6,6) (S 50,1,6) (S 50,1,6) (S 49,1,7) (S 49,1,7) (S 68,13,7) (S 36,1,2) (S 40,6,12) (S 69,6,18) (S 38,12,13) (S 47,12,18) (D 0,1,1) 
 0 1 2 75 130 11 (D 0,1,1) (S 3,7,7) (S 7,13,13) (S None,19,12) (S 57,18,12) (S 73,19,18) (S None,29,18) (S None,29,25) (S 19,29,29) (S 43,25,30) (D 0,1,1) 
 0 1 3 73 149 11 (D 0,1,1) (S None,13,2) (S 54,2,8) (S None,14,13) (S 10,19,19) (S None,25,19) (S 76,20,14) (S 4,8,8) (S 34,14,15) (S 52,8,9) (D 0,1,1) 
 0 1 4 75 194 15 (D 0,1,1) (S 45,3,2) (S 72,14,20) (S None,26,25) (S 24,29,30) (S 43,25,30) (S None,31,30) (S 20,31,31) (S 58,32,31) (S 21,32,32) (S None,27,26) (S 11,20,20) (S 80,26,20) (S 59,21,20) (D 0,1,1) 
 0 1 5 73 112 11 (D 0,1,1) (S 66,20,26) (S 17,27,27) (S 16,26,26) (S None,27,28) (S 42,34,28) (S None,34,33) (S 18,28,28) (S 56,34,24) (S None,22,21) (D 0,1,1) 
 0 1 6 75 122 10 (D 0,1,1) (S 8,15,15) (S 77,9,15) (S 77,9,15) (S 12,21,21) (S 51,16,15) (S 27,9,10) (S 30,3,9) (S None,10,4) (D 0,1,1) 
 0 1 7 73 150 10 (D 0,1,1) (S 13,22,22) (S 14,23,23) (S 55,16,23) (S 15,24,24) (S 56,34,24) (S 46,17,24) (S 48,17,11) (S 44,5,11) (D 0,1,1) 
 0 1 8 73 151 12 (D 0,1,1) (S 5,10,10) (S 62,3,10) (S 65,3,4) (S 70,10,11) (S 60,5,4) (S 70,10,11) (S 48,17,11) (S None,11,4) (S 1,4,4) (S 9,16,16) (D 0,1,1) 
 0 1 9 22 96 5 (D 0,1,1) (S 64,32,33) (S 22,33,33) (S 6,11,11) (D 0,1,1) 
