18022
18
4503749
3841999
 0 1 1 150 878 9 (D 0,1,1) (S None,116,1) (S 108,116,117) (S 109,2,117) (S None,119,117) (S None,118,114) (S 106,113,114) (S 94,97,98) (D 0,1,1) 
 0 1 2 150 421 9 (D 0,1,1) (S 30,114,114) (S 12,113,113) (S 105,112,113) (S None,112,110) (S 104,107,112) (S None,107,106) (S 97,105,106) (D 0,1,1) 
 0 1 3 148 595 10 (D 0,1,1) (S 99,107,108) (S 101,107,110) (S None,111,110) (S None,105,104) (S None,104,102) (S 8,103,103) (S 23,88,88) (S 25,92,92) (D 0,1,1) 
 0 1 4 149 907 14 (D 0,1,1) (S 38,118,118) (S None,87,86) (S None,86,85) (S 89,84,85) (S 26,84,84) (S 88,82,84) (S 9,82,82) (S None,82,80) (S None,80,79) (S None,79,78) (S None,46,43) (S 60,38,39) (D 0,1,1) 
 0 1 5 147 906 5 (D 0,1,1) (S 100,108,109) (S None,66,62) (S None,63,62) (D 0,1,1) 
 0 1 6 150 896 9 (D 0,1,1) (S 29,124,124) (S None,126,124) (S 113,126,130) (S 17,134,134) (S 3,125,125) (S None,78,77) (S None,69,67) (D 0,1,1) 
 0 1 7 149 699 8 (D 0,1,1) (S 13,80,80) (S 37,78,78) (S None,77,46) (S 33,43,43) (S 16,42,42) (S None,45,34) (D 0,1,1) 
 0 1 8 147 1160 12 (D 0,1,1) (S None,67,66) (S 22,62,62) (S 73,63,64) (S 36,64,64) (S None,65,64) (S None,56,55) (S None,55,54) (S None,140,55) (S None,49,48) (S None,29,28) (D 0,1,1) 
 0 1 9 150 928 11 (D 0,1,1) (S None,68,67) (S 79,69,71) (S 40,70,70) (S 80,71,72) (S None,73,72) (S None,73,44) (S None,45,44) (S None,43,37) (S 4,38,38) (D 0,1,1) 
 0 1 10 150 1137 9 (D 0,1,1) (S 92,95,96) (S None,97,96) (S 20,54,54) (S None,140,49) (S 2,48,48) (S None,139,33) (S None,28,27) (D 0,1,1) 
 0 1 11 147 1017 7 (D 0,1,1) (S 27,135,135) (S 35,76,76) (S 18,46,46) (S 63,43,44) (S None,37,36) (D 0,1,1) 
 0 1 12 147 1248 8 (D 0,1,1) (S 10,37,37) (S 1,36,36) (S 59,36,38) (S None,40,39) (S 54,28,30) (S None,25,24) (D 0,1,1) 
 0 1 13 150 916 6 (D 0,1,1) (S 11,61,61) (S 6,49,49) (S None,139,34) (S 24,139,139) (D 0,1,1) 
 0 1 14 141 1215 7 (D 0,1,1) (S None,33,11) (S None,11,8) (S 42,6,8) (S 32,6,6) (S 28,10,10) (D 0,1,1) 
 0 1 15 147 1120 8 (D 0,1,1) (S 15,11,11) (S 43,8,9) (S 34,15,15) (S 31,16,16) (S None,13,12) (S 14,13,13) (D 0,1,1) 
 0 1 16 145 1284 7 (D 0,1,1) (S 45,11,12) (S 47,13,14) (S 115,11,27) (S None,27,25) (S None,24,20) (D 0,1,1) 
 0 1 17 149 1436 8 (D 0,1,1) (S 39,29,29) (S 19,30,30) (S 55,30,32) (S 21,25,25) (S 48,20,22) (S 5,5,5) (D 0,1,1) 
 0 1 18 67 1259 4 (D 0,1,1) (S None,6,5) (S 7,20,20) (D 0,1,1) 
