567
7
639999
405499
 0 1 1 33 73 6 (D 0,1,1) (S 1,2,2) (S 12,1,2) (S 13,8,9) (S None,13,11) (D 0,1,1) 
 0 1 2 35 154 8 (D 0,1,1) (S 11,2,3) (S 16,6,12) (S None,8,2) (S 9,8,12) (S 15,7,9) (S 2,3,3) (D 0,1,1) 
 0 1 3 34 93 5 (D 0,1,1) (S 7,1,3) (S 18,6,10) (S 17,4,10) (D 0,1,1) 
 0 1 4 30 50 4 (D 0,1,1) (S None,4,1) (S 3,4,4) (D 0,1,1) 
 0 1 5 25 61 4 (D 0,1,1) (S 5,9,9) (S None,11,4) (D 0,1,1) 
 0 1 6 26 62 4 (D 0,1,1) (S 4,5,5) (S 14,10,11) (D 0,1,1) 
 0 1 7 29 74 4 (D 0,1,1) (S 6,12,12) (S None,12,11) (D 0,1,1) 
