565
7
660000
434250
 0 1 1 35 40 5 (D 0,1,1) (S 1,2,2) (S 17,1,2) (S None,6,2) (D 0,1,1) 
 0 1 2 35 149 8 (D 0,1,1) (S 7,2,7) (S None,9,8) (S 5,9,9) (S None,13,11) (S None,9,7) (S 12,8,12) (D 0,1,1) 
 0 1 3 34 101 6 (D 0,1,1) (S 2,3,3) (S 13,1,4) (S 16,1,3) (S 11,6,12) (D 0,1,1) 
 0 1 4 35 45 4 (D 0,1,1) (S 3,4,4) (S 4,5,5) (D 0,1,1) 
 0 1 5 28 86 4 (D 0,1,1) (S 9,6,10) (S 14,10,11) (D 0,1,1) 
 0 1 6 30 76 4 (D 0,1,1) (S 10,4,11) (S None,13,12) (D 0,1,1) 
 0 1 7 15 68 3 (D 0,1,1) (S 6,11,11) (D 0,1,1) 
