366
7
2409749
1673749
 0 1 1 20 27 8 (D 0,1,1) (S 2,3,3) (S 14,3,4) (S 1,2,2) (S None,4,2) (S 3,4,4) (S 39,4,5) (D 0,1,1) 
 0 1 2 20 50 8 (D 0,1,1) (S 4,5,5) (S None,10,5) (S 9,11,11) (S 10,12,12) (S 28,5,6) (S 38,16,12) (D 0,1,1) 
 0 1 3 20 53 9 (D 0,1,1) (S 16,11,15) (S 35,16,15) (S 35,16,15) (S 13,16,16) (S None,11,10) (S 8,9,9) (S 5,6,6) (D 0,1,1) 
 0 1 4 20 61 8 (D 0,1,1) (S 22,10,20) (S 37,23,20) (S 37,23,20) (S None,23,22) (S 36,23,24) (S 21,21,24) (D 0,1,1) 
 0 1 5 20 58 7 (D 0,1,1) (S 18,6,7) (S 40,8,7) (S 7,8,8) (S 29,13,14) (S 34,18,17) (D 0,1,1) 
 0 1 6 20 57 8 (D 0,1,1) (S 11,13,13) (S 24,13,17) (S 34,18,17) (S 12,14,14) (S 6,7,7) (S 15,9,19) (D 0,1,1) 
 0 1 7 17 60 6 (D 0,1,1) (S 17,15,21) (S 30,21,20) (S 32,19,20) (S 26,22,19) (D 0,1,1) 
