1355
10
16546999
11459250
 0 1 1 75 91 16 (D 0,1,1) (S 3,6,6) (S 85,13,6) (S 100,1,6) (S 85,13,6) (S 100,1,6) (S 9,13,13) (S 107,6,12) (S 37,13,14) (S 11,15,15) (S 10,14,14) (S None,15,9) (S 110,8,7) (S 75,7,6) (S 4,7,7) (D 0,1,1) 
 0 1 2 75 81 12 (D 0,1,1) (S 2,5,5) (S None,11,5) (S 80,11,12) (S 49,13,21) (S 102,22,21) (S 102,22,21) (S 15,22,22) (S None,21,20) (S 8,12,12) (S 87,12,11) (D 0,1,1) 
 0 1 3 75 129 11 (D 0,1,1) (S 69,2,1) (S 111,7,8) (S 62,9,8) (S 6,9,9) (S 5,8,8) (S None,9,3) (S 1,2,2) (S 36,3,4) (S None,32,31) (D 0,1,1) 
 0 1 4 75 155 15 (D 0,1,1) (S 14,20,20) (S None,20,19) (S 60,18,19) (S 64,18,29) (S 53,33,34) (S 20,30,30) (S 90,34,30) (S None,34,26) (S 86,30,26) (S 86,30,26) (S None,26,18) (S None,19,11) (S 78,26,29) (D 0,1,1) 
 0 1 5 75 155 15 (D 0,1,1) (S 7,11,11) (S 68,19,26) (S 56,34,40) (S 103,47,40) (S 103,47,40) (S 32,47,47) (S None,40,33) (S 65,39,29) (S 23,33,33) (S 70,35,34) (S 17,26,26) (S None,27,21) (S 109,37,43) (D 0,1,1) 
 0 1 6 75 171 12 (D 0,1,1) (S 52,15,23) (S 16,24,24) (S None,25,17) (S 89,10,17) (S 94,4,10) (S None,17,16) (S 66,24,23) (S 66,24,23) (S None,31,27) (S 98,35,41) (D 0,1,1) 
 0 1 7 75 149 13 (D 0,1,1) (S None,9,16) (S 12,16,16) (S 59,25,28) (S 22,32,32) (S 95,31,23) (S 95,31,23) (S 21,31,31) (S 112,28,32) (S 96,31,37) (S None,36,27) (S 92,41,48) (D 0,1,1) 
 0 1 8 74 145 18 (D 0,1,1) (S 104,23,22) (S 24,37,37) (S None,36,35) (S None,41,40) (S 44,47,48) (S 26,41,41) (S 88,48,41) (S 33,48,48) (S 84,42,41) (S 101,49,41) (S 34,49,49) (S 72,44,42) (S 29,44,44) (S 79,42,36) (S 79,42,36) (S 27,42,42) (D 0,1,1) 
 0 1 9 74 155 13 (D 0,1,1) (S 18,27,27) (S 19,29,29) (S 31,46,46) (S 55,44,50) (S 30,45,45) (S None,43,38) (S 91,28,38) (S 91,28,38) (S None,45,50) (S 28,43,43) (S 83,43,50) (D 0,1,1) 
 0 1 10 31 124 7 (D 0,1,1) (S 13,17,17) (S 99,37,38) (S 106,43,42) (S 35,50,50) (S 25,38,38) (D 0,1,1) 
