1150
10
18564999
13022749
 0 1 1 70 106 21 (D 0,1,1) (S 2,9,9) (S 47,14,23) (S 111,29,23) (S 111,29,23) (S 15,29,29) (S None,24,15) (S 102,23,15) (S 102,23,15) (S 10,23,23) (S 37,29,30) (S 103,39,30) (S 80,39,38) (S None,36,35) (S 77,36,38) (S 77,36,38) (S 32,36,44) (S 115,37,29) (S None,23,22) (S None,21,13) (D 0,1,1) 
 0 1 2 70 102 17 (D 0,1,1) (S 94,9,1) (S 117,9,13) (S 8,21,21) (S 74,22,14) (S 94,9,1) (S 112,8,9) (S 51,14,15) (S 107,23,24) (S 107,23,24) (S None,29,28) (S 89,27,28) (S 89,27,28) (S 13,27,27) (S 14,28,28) (S None,29,24) (D 0,1,1) 
 0 1 3 70 112 16 (D 0,1,1) (S 117,9,13) (S None,21,20) (S 99,25,26) (S 83,25,20) (S 75,25,33) (S 83,25,20) (S None,26,21) (S 74,22,14) (S 97,28,22) (S 9,22,22) (S 5,13,13) (S 76,8,13) (S 76,8,13) (S 12,26,26) (D 0,1,1) 
 0 1 4 70 100 13 (D 0,1,1) (S 3,10,10) (S 56,10,11) (S 109,12,11) (S 30,12,19) (S 63,12,7) (S None,6,5) (S 39,2,5) (S 1,6,6) (S 40,5,10) (S 105,17,10) (S 44,17,18) (D 0,1,1) 
 0 1 5 70 139 14 (D 0,1,1) (S 6,15,15) (S 88,29,37) (S 108,38,37) (S 108,38,37) (S 42,38,46) (S 116,45,44) (S 78,43,35) (S 78,43,35) (S None,43,42) (S None,41,33) (S 84,34,35) (S 55,2,3) (D 0,1,1) 
 0 1 6 70 152 17 (D 0,1,1) (S 58,15,16) (S 58,15,16) (S 53,1,16) (S 53,1,16) (S 104,1,5) (S None,6,3) (S 55,2,3) (S 68,3,4) (S 68,3,4) (S 118,7,12) (S 4,11,11) (S 81,5,1) (S 85,16,17) (S 66,18,19) (S 73,32,31) (D 0,1,1) 
 0 1 7 68 108 12 (D 0,1,1) (S 11,24,24) (S 57,30,24) (S 98,30,17) (S None,18,11) (S None,7,4) (S 27,17,24) (S 16,30,30) (S 18,39,39) (S 95,31,39) (S 95,31,39) (D 0,1,1) 
 0 1 8 68 141 11 (D 0,1,1) (S 7,17,17) (S 101,19,32) (S None,31,17) (S 101,19,32) (S 113,31,32) (S None,40,32) (S None,39,47) (S 22,47,47) (S None,44,43) (D 0,1,1) 
 0 1 9 68 128 14 (D 0,1,1) (S 17,33,33) (S 41,34,42) (S 26,41,42) (S 93,43,48) (S 91,49,48) (S 91,49,48) (S 20,45,45) (S 69,49,45) (S 69,49,45) (S 23,49,49) (S None,50,46) (S 24,50,50) (D 0,1,1) 
 0 1 10 30 62 6 (D 0,1,1) (S 93,43,48) (S 43,45,50) (S 21,46,46) (S 19,44,44) (D 0,1,1) 
