110242
21
10527499
9239749
 0 1 1 1988 3747 13 (D 0,1,1) (S 1,2,2) (S 56,11,12) (S 74,11,10) (S 63,1,2) (S 75,11,20) (S 13,21,21) (S 9,12,12) (S 65,3,12) (S 76,13,12) (S 99,29,20) (S 89,22,13) (D 0,1,1) 
 0 1 2 1985 6438 11 (D 0,1,1) (S 64,2,3) (S None,4,3) (S 3,4,4) (S 66,4,5) (S 67,5,6) (S 6,7,7) (S 71,7,16) (S 15,25,25) (S 91,23,24) (D 0,1,1) 
 0 1 3 1987 4199 12 (D 0,1,1) (S 8,10,10) (S 73,10,19) (S 87,20,19) (S 87,20,19) (S 88,21,22) (S 10,13,13) (S 4,5,5) (S 68,6,7) (S 93,25,26) (S 12,17,17) (D 0,1,1) 
 0 1 4 1980 6453 10 (D 0,1,1) (S 73,10,19) (S 101,30,21) (S 90,22,23) (S 78,14,13) (S 2,3,3) (S 98,28,19) (S 77,13,14) (S 104,33,24) (D 0,1,1) 
 0 1 5 1954 4117 10 (D 0,1,1) (S 102,32,23) (S None,14,15) (S 14,24,24) (S None,25,24) (S 94,25,34) (S 103,33,23) (S 18,31,31) (S None,30,29) (D 0,1,1) 
 0 1 6 1986 5348 12 (D 0,1,1) (S None,31,39) (S 30,48,48) (S 128,48,55) (S 36,56,56) (S 129,49,48) (S 35,55,55) (S 139,56,49) (S None,50,49) (S 132,51,50) (S 114,40,41) (D 0,1,1) 
 0 1 7 1982 2892 8 (D 0,1,1) (S 113,40,31) (S 24,39,39) (S None,48,47) (S 28,46,46) (S 29,47,47) (S 126,46,37) (D 0,1,1) 
 0 1 8 1987 3575 8 (D 0,1,1) (S 112,39,40) (S 31,49,49) (S 139,56,49) (S 140,56,57) (S 38,58,58) (S 145,58,66) (D 0,1,1) 
 0 1 9 1978 4771 11 (D 0,1,1) (S 5,6,6) (S 70,7,8) (S 72,8,9) (S None,18,17) (S 7,8,8) (S 97,27,18) (S 82,17,8) (S 83,17,16) (S 16,26,26) (D 0,1,1) 
 0 1 10 1983 6802 10 (D 0,1,1) (S 11,15,15) (S 69,6,15) (S 69,6,15) (S 81,16,15) (S 95,26,17) (S 96,26,35) (S 21,34,34) (S 151,62,54) (D 0,1,1) 
 0 1 11 1955 4751 9 (D 0,1,1) (S 17,27,27) (S 23,36,36) (S 27,45,45) (S 40,60,60) (S None,45,36) (S None,45,44) (S 22,35,35) (D 0,1,1) 
 0 1 12 1986 5818 10 (D 0,1,1) (S 19,32,32) (S 137,55,54) (S 137,55,54) (S 138,55,63) (S 42,62,62) (S 34,54,54) (S 142,57,58) (S 148,60,59) (D 0,1,1) 
 0 1 13 1957 8008 12 (D 0,1,1) (S 20,33,33) (S 107,34,33) (S None,34,35) (S 120,43,34) (S 58,33,42) (S 33,51,51) (S 131,50,41) (S 105,33,32) (S 115,41,32) (S 156,65,57) (D 0,1,1) 
 0 1 14 1956 5088 12 (D 0,1,1) (S 25,43,43) (S 106,33,43) (S 106,33,43) (S 26,44,44) (S None,35,36) (S 125,45,60) (S 125,45,60) (S 39,59,59) (S 143,58,51) (S 32,50,50) (D 0,1,1) 
 0 1 15 1951 6947 9 (D 0,1,1) (S 37,57,57) (S 144,58,59) (S 133,52,43) (S 122,43,44) (S 123,44,35) (S 121,43,42) (S 47,68,68) (D 0,1,1) 
 0 1 16 1964 5464 9 (D 0,1,1) (S 41,61,61) (S None,68,61) (S 160,68,69) (S 152,62,69) (S 152,62,69) (S 149,61,53) (S 153,63,70) (D 0,1,1) 
 0 1 17 1966 5132 9 (D 0,1,1) (S 43,63,63) (S 135,54,47) (S 127,46,53) (S None,56,64) (S 141,57,50) (S 116,41,42) (S 118,42,51) (D 0,1,1) 
 0 1 18 1976 4154 10 (D 0,1,1) (S 44,64,64) (S 49,70,70) (S 50,71,71) (S 51,72,72) (S 52,73,73) (S 62,66,67) (S 146,59,52) (S 134,52,51) (D 0,1,1) 
 0 1 19 1909 7805 13 (D 0,1,1) (S 45,65,65) (S 158,65,72) (S 165,72,73) (S 159,66,65) (S 155,64,70) (S 163,70,71) (S 157,65,64) (S 162,69,70) (S 164,71,64) (S 166,73,66) (S 46,67,67) (D 0,1,1) 
 0 1 20 1853 6543 9 (D 0,1,1) (S 48,69,69) (S 167,73,74) (S 54,75,75) (S 121,43,42) (S 100,29,38) (S 59,37,38) (S 53,74,74) (D 0,1,1) 
 0 1 21 177 2190 3 (D 0,1,1) (S 168,74,67) (D 0,1,1) 
