42898
26
13448500
12023500
 0 1 1 190 944 11 (D 0,1,1) (S 16,2,2) (S 109,3,2) (S 109,3,2) (S 10,3,3) (S 108,2,1) (S 23,2,4) (S 108,2,1) (S 23,2,4) (S 25,5,6) (D 0,1,1) 
 0 1 2 190 1427 11 (D 0,1,1) (S 24,4,5) (S 113,7,5) (S 113,7,5) (S 27,7,8) (S 27,7,8) (S 111,5,4) (S 25,5,6) (S 29,9,10) (S 74,50,52) (D 0,1,1) 
 0 1 3 190 1242 12 (D 0,1,1) (S 95,4,69) (S 94,59,69) (S 94,59,69) (S 170,59,58) (S 194,59,44) (S 153,45,44) (S 153,45,44) (S 67,45,46) (S 74,50,52) (S 193,51,21) (D 0,1,1) 
 0 1 4 189 1098 7 (D 0,1,1) (S 95,4,69) (S 171,59,11) (S 116,10,9) (S 190,76,20) (S 190,76,20) (D 0,1,1) 
 0 1 5 189 1237 8 (D 0,1,1) (S 20,69,69) (S 170,59,58) (S 171,59,11) (S 13,10,10) (S 30,11,12) (S 106,21,51) (D 0,1,1) 
 0 1 6 190 1308 9 (D 0,1,1) (S 180,69,58) (S 194,59,44) (S 9,45,45) (S 152,44,43) (S 81,42,57) (S 167,56,55) (S 149,40,39) (D 0,1,1) 
 0 1 7 190 1700 10 (D 0,1,1) (S 180,69,58) (S 172,60,58) (S 172,60,58) (S 86,60,61) (S 87,60,62) (S 178,66,62) (S 89,63,64) (S 149,40,39) (D 0,1,1) 
 0 1 8 189 1381 12 (D 0,1,1) (S 28,8,9) (S 28,8,9) (S 30,11,12) (S 105,76,77) (S 32,13,16) (S 32,13,16) (S 34,13,77) (S 34,13,77) (S 33,13,14) (S 104,15,77) (D 0,1,1) 
 0 1 9 188 1432 8 (D 0,1,1) (S 8,58,58) (S 86,60,61) (S 87,60,62) (S 178,66,62) (S 92,66,68) (S 88,62,63) (D 0,1,1) 
 0 1 10 188 1300 10 (D 0,1,1) (S 169,58,57) (S 81,42,57) (S 18,42,42) (S 151,41,35) (S 148,39,37) (S 147,38,37) (S 147,38,37) (S 7,38,38) (D 0,1,1) 
 0 1 11 190 1283 7 (D 0,1,1) (S 169,58,57) (S 65,43,44) (S 67,45,46) (S 68,44,46) (S 71,47,49) (D 0,1,1) 
 0 1 12 189 1500 15 (D 0,1,1) (S 68,44,46) (S 69,46,47) (S 158,49,47) (S 72,49,50) (S 76,52,53) (S 160,51,49) (S 159,50,49) (S 166,50,19) (S 166,50,19) (S 125,20,19) (S 77,52,54) (S 76,52,53) (S 75,51,53) (D 0,1,1) 
 0 1 13 190 1485 9 (D 0,1,1) (S 69,46,47) (S 73,49,51) (S 127,21,19) (S 126,20,18) (S 125,20,19) (S 126,20,18) (S 105,76,77) (D 0,1,1) 
 0 1 14 188 1600 13 (D 0,1,1) (S 70,47,48) (S 70,47,48) (S 75,51,53) (S 77,52,54) (S 165,53,24) (S 128,22,21) (S 127,21,19) (S 165,53,24) (S 128,22,21) (S 42,22,75) (S 45,25,75) (D 0,1,1) 
 0 1 15 188 1488 9 (D 0,1,1) (S 88,62,63) (S 176,64,63) (S 2,64,64) (S 1,63,63) (S 90,63,65) (S 90,63,65) (S 92,66,68) (D 0,1,1) 
 0 1 16 190 2255 11 (D 0,1,1) (S 31,12,16) (S 33,13,14) (S 36,15,18) (S 31,12,16) (S 36,15,18) (S 104,15,77) (S 35,15,17) (S 184,72,71) (S 43,22,24) (D 0,1,1) 
 0 1 17 190 1694 11 (D 0,1,1) (S 167,56,55) (S 12,55,55) (S 151,41,35) (S 150,39,35) (S 148,39,37) (S 4,37,37) (S 146,37,33) (S 5,36,36) (S 150,39,35) (D 0,1,1) 
 0 1 18 189 1850 6 (D 0,1,1) (S 11,57,57) (S 144,35,32) (S 59,33,37) (S 43,22,24) (D 0,1,1) 
 0 1 19 188 2438 10 (D 0,1,1) (S 3,18,18) (S 35,15,17) (S 14,17,17) (S 37,18,19) (S 37,18,19) (S 42,22,75) (S 45,25,75) (S 99,72,73) (D 0,1,1) 
 0 1 20 190 1973 10 (D 0,1,1) (S 101,18,72) (S 186,73,72) (S 185,73,71) (S 100,73,74) (S 185,73,71) (S 100,73,74) (S 184,72,71) (S 44,24,25) (D 0,1,1) 
 0 1 21 187 1995 6 (D 0,1,1) (S 101,18,72) (S 183,71,70) (S 44,24,25) (S 134,26,23) (D 0,1,1) 
 0 1 22 187 1985 7 (D 0,1,1) (S 144,35,32) (S 142,33,32) (S 142,33,32) (S 58,33,36) (S 139,31,30) (D 0,1,1) 
 0 1 23 189 1642 12 (D 0,1,1) (S 19,75,75) (S 17,25,25) (S 189,75,23) (S 133,26,25) (S 189,75,23) (S 133,26,25) (S 134,26,23) (S 48,26,27) (S 49,26,28) (S 138,29,25) (D 0,1,1) 
 0 1 24 177 2035 8 (D 0,1,1) (S 6,68,68) (S 141,32,31) (S 52,30,31) (S 140,31,23) (S 48,26,27) (S 49,26,28) (D 0,1,1) 
 0 1 25 181 1819 8 (D 0,1,1) (S 51,25,29) (S 50,28,29) (S 50,28,29) (S 15,23,23) (S 53,23,31) (S 54,31,32) (D 0,1,1) 
 0 1 26 169 2787 6 (D 0,1,1) (S 183,71,70) (S 56,32,34) (S 56,32,34) (S 58,33,36) (D 0,1,1) 
