30238
28
9687500
8403750
 0 1 1 129 1048 9 (D 0,1,1) (S None,2,1) (S 32,2,3) (S 33,2,4) (S 34,4,5) (S None,7,5) (S 90,50,52) (S None,51,21) (D 0,1,1) 
 0 1 2 130 877 6 (D 0,1,1) (S 112,4,69) (S 111,59,69) (S 17,59,59) (S None,40,39) (D 0,1,1) 
 0 1 3 128 858 8 (D 0,1,1) (S 35,5,6) (S 37,7,8) (S None,9,8) (S 24,9,9) (S 3,8,8) (S 121,12,76) (D 0,1,1) 
 0 1 4 130 935 9 (D 0,1,1) (S None,69,58) (S None,59,58) (S None,59,44) (S None,45,44) (S None,46,45) (S None,46,44) (S 88,49,50) (D 0,1,1) 
 0 1 5 129 1034 8 (D 0,1,1) (S None,59,11) (S None,10,9) (S 40,10,11) (S None,76,20) (S None,15,14) (S 92,52,53) (D 0,1,1) 
 0 1 6 130 900 7 (D 0,1,1) (S None,58,57) (S 98,42,57) (S 79,42,43) (S None,42,41) (S 77,40,41) (D 0,1,1) 
 0 1 7 127 870 7 (D 0,1,1) (S 102,58,60) (S None,62,60) (S 6,62,62) (S None,66,62) (S 106,63,64) (D 0,1,1) 
 0 1 8 130 760 8 (D 0,1,1) (S 25,44,44) (S 11,45,45) (S 30,46,46) (S 85,47,48) (S 91,51,53) (S 93,52,54) (D 0,1,1) 
 0 1 9 129 1047 7 (D 0,1,1) (S None,44,43) (S 97,42,56) (S 96,55,56) (S None,41,35) (S 55,22,24) (D 0,1,1) 
 0 1 10 130 1294 9 (D 0,1,1) (S 84,46,47) (S None,49,47) (S 89,49,51) (S None,21,19) (S 51,18,20) (S 123,15,77) (S None,72,71) (D 0,1,1) 
 0 1 11 129 749 6 (D 0,1,1) (S 41,11,12) (S 10,76,76) (S 20,12,12) (S 42,12,16) (D 0,1,1) 
 0 1 12 127 912 5 (D 0,1,1) (S None,48,11) (S 124,76,77) (S 43,13,16) (D 0,1,1) 
 0 1 13 126 1306 7 (D 0,1,1) (S 103,60,61) (S 127,60,67) (S 105,62,63) (S None,65,63) (S None,39,35) (D 0,1,1) 
 0 1 14 128 1040 9 (D 0,1,1) (S 18,57,57) (S 1,41,41) (S 9,40,40) (S None,39,37) (S None,38,37) (S None,33,32) (S None,31,30) (D 0,1,1) 
 0 1 15 128 1073 5 (D 0,1,1) (S 29,43,43) (S None,35,32) (S None,14,13) (D 0,1,1) 
 0 1 16 130 1425 6 (D 0,1,1) (S None,67,62) (S 109,66,68) (S 7,67,67) (S 70,33,36) (D 0,1,1) 
 0 1 17 130 1203 7 (D 0,1,1) (S 19,48,48) (S 26,50,50) (S None,50,19) (S 23,53,53) (S 116,72,73) (D 0,1,1) 
 0 1 18 127 1176 5 (D 0,1,1) (S None,67,56) (S 14,56,56) (S 68,32,34) (D 0,1,1) 
 0 1 19 129 882 8 (D 0,1,1) (S 27,51,51) (S 53,21,22) (S None,53,24) (S 4,22,22) (S 22,24,24) (S 54,22,75) (D 0,1,1) 
 0 1 20 128 1346 7 (D 0,1,1) (S None,20,19) (S 49,18,19) (S None,18,15) (S 46,13,77) (S None,73,71) (D 0,1,1) 
 0 1 21 120 972 7 (D 0,1,1) (S 8,54,54) (S 56,24,25) (S None,75,25) (S None,75,23) (S None,26,25) (D 0,1,1) 
 0 1 22 127 1010 5 (D 0,1,1) (S None,37,33) (S None,31,23) (S None,26,23) (D 0,1,1) 
 0 1 23 117 1094 4 (D 0,1,1) (S 118,18,72) (S 117,73,74) (D 0,1,1) 
 0 1 24 122 1136 6 (D 0,1,1) (S 21,16,16) (S 13,13,13) (S 12,77,77) (S 60,26,27) (D 0,1,1) 
 0 1 25 108 1337 7 (D 0,1,1) (S 47,15,17) (S 63,25,29) (S None,28,26) (S 62,28,29) (S 15,28,28) (D 0,1,1) 
 0 1 26 129 1792 5 (D 0,1,1) (S None,32,31) (S 5,34,34) (S 28,70,70) (D 0,1,1) 
 0 1 27 91 972 4 (D 0,1,1) (S 2,65,65) (S 16,68,68) (D 0,1,1) 
 0 1 28 56 1190 3 (D 0,1,1) (S None,71,70) (D 0,1,1) 
