1298
10
13083500
9532749
 0 1 1 75 136 17 (D 0,1,1) (S 2,6,6) (S 40,12,20) (S None,19,11) (S 65,12,11) (S 65,12,11) (S 99,12,13) (S 7,14,14) (S 102,13,6) (S 101,7,6) (S 101,7,6) (S None,7,2) (S 83,7,13) (S None,14,8) (S 91,7,8) (S 87,30,34) (D 0,1,1) 
 0 1 2 75 131 14 (D 0,1,1) (S None,6,5) (S 86,11,5) (S None,1,6) (S 102,13,6) (S 6,13,13) (S 58,14,15) (S 88,16,9) (S 3,8,8) (S 4,9,9) (S 9,16,16) (S 92,24,23) (S 80,41,48) (D 0,1,1) 
 0 1 3 74 121 11 (D 0,1,1) (S 97,2,1) (S 1,5,5) (S 74,5,18) (S 11,19,19) (S 43,20,21) (S 63,22,21) (S 63,22,21) (S 12,22,22) (S 38,21,27) (D 0,1,1) 
 0 1 4 74 169 12 (D 0,1,1) (S 51,9,15) (S 61,16,24) (S None,25,17) (S None,10,9) (S 55,3,9) (S None,3,2) (S 54,3,4) (S 5,10,10) (S 10,17,17) (S 103,4,10) (D 0,1,1) 
 0 1 5 75 174 16 (D 0,1,1) (S 90,20,30) (S 98,19,26) (S 79,30,26) (S 87,30,34) (S 59,26,18) (S None,19,18) (S 59,26,18) (S 16,26,26) (S 100,18,29) (S 46,33,34) (S 44,26,34) (S 37,34,40) (S 93,47,40) (S 77,41,49) (D 0,1,1) 
 0 1 6 74 130 14 (D 0,1,1) (S 8,15,15) (S 45,15,23) (S None,31,27) (S 85,35,34) (S 27,40,40) (S 33,47,47) (S 34,48,48) (S 60,35,41) (S 71,42,41) (S None,49,44) (S 28,42,42) (S 23,36,36) (D 0,1,1) 
 0 1 7 74 114 10 (D 0,1,1) (S 73,23,22) (S 19,31,31) (S 20,32,32) (S 82,31,37) (S None,36,27) (S 17,27,27) (S 22,35,35) (S 68,50,43) (D 0,1,1) 
 0 1 8 73 114 14 (D 0,1,1) (S 13,23,23) (S 89,31,23) (S 89,31,23) (S 14,24,24) (S 15,25,25) (S 18,28,28) (S 24,37,37) (S 66,43,37) (S 66,43,37) (S 29,43,43) (S 78,38,45) (S None,43,45) (D 0,1,1) 
 0 1 9 74 109 9 (D 0,1,1) (S 42,29,33) (S 26,39,39) (S 21,33,33) (S 32,46,46) (S 35,49,49) (S 30,44,44) (S 105,50,45) (D 0,1,1) 
 0 1 10 36 100 8 (D 0,1,1) (S 62,37,38) (S 31,45,45) (S 67,45,50) (S 25,38,38) (S 69,28,38) (S 69,28,38) (D 0,1,1) 
