650
9
1115999
881249
 0 1 1 45 27 5 (D 0,1,1) (S 4,5,5) (S 1,2,2) (S None,10,3) (D 0,1,1) 
 0 1 2 45 71 9 (D 0,1,1) (S 7,9,9) (S 2,3,3) (S 35,9,19) (S 31,20,15) (S 31,20,15) (S 36,2,4) (S 3,4,4) (D 0,1,1) 
 0 1 3 44 49 7 (D 0,1,1) (S None,5,6) (S 6,7,7) (S 5,6,6) (S 24,13,17) (S 34,16,15) (D 0,1,1) 
 0 1 4 45 95 8 (D 0,1,1) (S 8,11,11) (S 16,1,20) (S 40,15,21) (S 21,23,24) (S 14,22,22) (S 37,21,24) (D 0,1,1) 
 0 1 5 45 69 7 (D 0,1,1) (S None,11,6) (S 15,6,12) (S 10,17,17) (S 23,16,17) (S 11,18,18) (D 0,1,1) 
 0 1 6 43 116 7 (D 0,1,1) (S 26,12,11) (S 30,1,11) (S 33,1,19) (S 28,20,21) (S 25,24,21) (D 0,1,1) 
 0 1 7 44 87 6 (D 0,1,1) (S None,2,10) (S 12,19,19) (S 29,8,14) (S None,17,12) (D 0,1,1) 
 0 1 8 28 91 6 (D 0,1,1) (S 19,13,14) (S 20,14,18) (S None,16,12) (S 9,14,14) (D 0,1,1) 
 0 1 9 19 45 3 (D 0,1,1) (S 13,21,21) (D 0,1,1) 
