765
9
2826250
2040000
 0 1 1 45 87 8 (D 0,1,1) (S None,5,2) (S 44,4,5) (S 44,4,5) (S None,4,3) (S 34,1,9) (S 32,9,19) (D 0,1,1) 
 0 1 2 45 134 10 (D 0,1,1) (S None,5,1) (S 21,5,11) (S 33,1,11) (S 33,1,11) (S 24,1,20) (S 39,15,20) (S 40,10,2) (S 42,13,17) (D 0,1,1) 
 0 1 3 44 55 9 (D 0,1,1) (S 37,5,6) (S 38,7,6) (S 4,7,7) (S 5,8,8) (S 18,7,13) (S 11,17,17) (S 35,16,17) (D 0,1,1) 
 0 1 4 45 110 9 (D 0,1,1) (S None,11,6) (S 6,12,12) (S 41,17,16) (S 39,15,20) (S 9,15,15) (S 15,23,23) (S 1,2,2) (D 0,1,1) 
 0 1 5 44 90 6 (D 0,1,1) (S 30,1,19) (S 28,20,21) (S 27,24,21) (S None,23,21) (D 0,1,1) 
 0 1 6 44 99 7 (D 0,1,1) (S 32,9,19) (S 2,3,3) (S 40,10,2) (S 13,19,19) (S 22,22,23) (D 0,1,1) 
 0 1 7 42 48 7 (D 0,1,1) (S 3,6,6) (S 25,12,16) (S 45,17,18) (S 10,16,16) (S 12,18,18) (D 0,1,1) 
 0 1 8 36 101 5 (D 0,1,1) (S 36,19,22) (S 14,21,21) (S 7,13,13) (D 0,1,1) 
 0 1 9 13 41 3 (D 0,1,1) (S 8,14,14) (D 0,1,1) 
