294
11
2690000
1848500
 0 1 1 27 27 8 (D 0,1,1) (S 2,3,3) (S None,11,3) (S None,11,6) (S 13,2,3) (S None,11,8) (S None,7,3) (S None,11,1) 
 0 1 2 27 25 7 (D 0,1,1) (S None,9,3) (S None,11,4) (S None,5,3) (S None,11,2) (S 41,1,3) (D 0,1,1) 
 0 1 3 27 18 6 (D 0,1,1) (S 21,3,4) (S 7,9,9) (S None,9,7) (S 43,5,11) (D 0,1,1) 
 0 1 4 27 37 8 (D 0,1,1) (S 23,3,10) (S 38,3,8) (S 5,7,7) (S 9,1,4) (S 12,6,9) (S 32,5,8) (D 0,1,1) 
 0 1 5 27 40 10 (D 0,1,1) (S None,9,5) (S 27,4,9) (S None,7,2) (S None,7,6) (S 14,4,5) (S 46,4,7) (S 3,4,4) (S 44,6,10) (D 0,1,1) 
 0 1 6 26 22 6 (D 0,1,1) (S 4,5,5) (S None,4,2) (S None,7,1) (S 10,1,8) (D 0,1,1) 
 0 1 7 25 38 6 (D 0,1,1) (S 15,1,2) (S None,6,1) (S 24,2,5) (S 47,4,8) (D 0,1,1) 
 0 1 8 27 26 6 (D 0,1,1) (S None,5,1) (S None,10,1) (S 1,2,2) (S 8,10,10) (D 0,1,1) 
 0 1 9 24 19 4 (D 0,1,1) (S 6,8,8) (S None,8,6) (D 0,1,1) 
 0 1 10 21 32 5 (D 0,1,1) (S None,8,2) (S None,6,2) (S 45,2,10) (D 0,1,1) 
 0 1 11 8 10 3 (D 0,1,1) (S None,10,4) (D 0,1,1) 
