240
6
974249
643000
 0 1 1 5 54 6 (D 0,1,1) (S 1,2,2) (S 13,2,4) (S None,13,4) (S 25,12,13) (D 0,1,1) 
 0 1 2 5 23 7 (D 0,1,1) (S 7,10,10) (S None,8,7) (S None,12,5) (S None,12,7) (S None,12,6) (D 0,1,1) 
 0 1 3 5 68 7 (D 0,1,1) (S 14,1,4) (S None,13,5) (S None,12,1) (S 15,3,4) (S 24,1,2) (D 0,1,1) 
 0 1 4 5 51 7 (D 0,1,1) (S 19,9,10) (S 5,8,8) (S 23,5,11) (S 10,8,11) (S 22,1,10) (D 0,1,1) 
 0 1 5 5 26 7 (D 0,1,1) (S 3,6,6) (S 4,7,7) (S 12,5,6) (S None,5,3) (S 2,3,3) (D 0,1,1) 
 0 1 6 1 18 3 (D 0,1,1) (S 6,9,9) (D 0,1,1) 
