215
6
959000
607000
 0 1 1 27 24 7 (D 0,1,1) (S 6,8,8) (S 1,2,2) (S 12,8,10) (S None,8,7) (S 14,2,9) (D 0,1,1) 
 0 1 2 27 39 8 (D 0,1,1) (S 7,10,10) (S 18,1,7) (S 13,9,10) (S None,2,1) (S None,7,5) (S 20,7,9) (D 0,1,1) 
 0 1 3 27 21 6 (D 0,1,1) (S None,10,6) (S None,11,1) (S 5,7,7) (S None,9,6) (D 0,1,1) 
 0 1 4 26 49 7 (D 0,1,1) (S 8,2,4) (S None,9,1) (S 10,2,5) (S None,7,6) (S None,11,6) (D 0,1,1) 
 0 1 5 26 40 7 (D 0,1,1) (S 25,2,6) (S None,11,3) (S 2,3,3) (S None,9,4) (S 26,1,6) (D 0,1,1) 
 0 1 6 21 42 5 (D 0,1,1) (S 16,3,5) (S 4,5,5) (S 3,4,4) (D 0,1,1) 
