169
8
1593249
1005250
 0 1 1 27 27 9 (D 0,1,1) (S 4,5,5) (S 25,1,5) (S 27,1,9) (S None,6,4) (S None,9,8) (S 10,1,7) (S None,8,5) (D 0,1,1) 
 0 1 2 27 5 4 (D 0,1,1) (S 5,6,6) (S 7,9,9) (S None,4,1) 
 0 1 3 27 31 8 (D 0,1,1) (S 12,5,10) (S 13,6,10) (S 18,6,7) (S 16,2,5) (S None,8,1) (S 23,6,9) (D 0,1,1) 
 0 1 4 27 37 9 (D 0,1,1) (S None,9,3) (S 32,1,3) (S 36,1,11) (S 22,7,9) (S 33,4,10) (S 28,3,5) (S 2,3,3) (D 0,1,1) 
 0 1 5 25 20 6 (D 0,1,1) (S 35,5,11) (S 14,7,10) (S None,10,3) (S 8,10,10) (D 0,1,1) 
 0 1 6 27 11 5 (D 0,1,1) (S 3,4,4) (S None,4,2) (S None,7,3) (D 0,1,1) 
 0 1 7 23 24 6 (D 0,1,1) (S 19,4,7) (S None,11,4) (S 26,2,3) (S 6,7,7) (D 0,1,1) 
 0 1 8 22 14 4 (D 0,1,1) (S 1,2,2) (S None,11,3) (D 0,1,1) 
