48535
8
1420499
986500
 0 1 1 1806 5357 10 (D 0,1,1) (S 2,2,3) (S 3,4,5) (S 4,5,11) (S 12,10,9) (S 20,17,16) (S 16,13,15) (S 28,20,21) (S 42,29,23) (D 0,1,1) 
 0 1 2 1750 7740 11 (D 0,1,1) (S 7,7,6) (S 5,6,1) (S 8,7,13) (S 19,16,15) (S None,20,25) (S 36,25,33) (S 45,32,24) (S 33,24,25) (S 46,33,32) (D 0,1,1) 
 0 1 3 1749 7155 11 (D 0,1,1) (S None,7,8) (S 10,9,8) (S 18,16,8) (S 15,12,13) (S 17,14,24) (S 35,25,21) (S 31,22,17) (S 30,21,22) (S 44,31,28) (D 0,1,1) 
 0 1 4 1789 6768 9 (D 0,1,1) (S 21,17,18) (S 24,18,19) (S 14,11,10) (S 11,10,4) (S 13,10,18) (S 26,19,10) (S 40,27,31) (D 0,1,1) 
 0 1 5 1759 8179 9 (D 0,1,1) (S 29,21,17) (S 6,6,12) (S 1,24,24) (S 37,26,25) (S None,33,34) (S 48,34,35) (S 52,36,37) (D 0,1,1) 
 0 1 6 1790 5356 8 (D 0,1,1) (S 22,17,22) (S 39,27,26) (S 38,26,34) (S 49,35,27) (S 43,31,27) (S None,31,36) (D 0,1,1) 
 0 1 7 1690 5734 8 (D 0,1,1) (S 32,23,22) (S 53,38,30) (S 41,28,29) (S None,23,18) (S 27,19,30) (S 23,18,10) (D 0,1,1) 
 0 1 8 225 2246 3 (D 0,1,1) (S 50,35,36) (D 0,1,1) 
