1181
9
7807000
6071250
 0 1 1 65 106 10 (D 0,1,1) (S None,5,1) (S 24,5,8) (S 52,13,8) (S 52,13,8) (S None,13,12) (S 44,16,13) (S 5,8,8) (S 48,14,13) (D 0,1,1) 
 0 1 2 64 123 10 (D 0,1,1) (S 43,4,5) (S 36,1,2) (S 51,3,2) (S 51,3,2) (S 25,3,10) (S 72,9,2) (S 6,9,9) (S 4,7,7) (D 0,1,1) 
 0 1 3 64 125 12 (D 0,1,1) (S 1,2,2) (S None,9,15) (S 71,9,10) (S 64,15,8) (S 66,13,16) (S 50,11,12) (S 9,16,16) (S 50,11,12) (S 19,16,21) (S 68,22,29) (D 0,1,1) 
 0 1 4 64 127 11 (D 0,1,1) (S None,8,1) (S None,8,7) (S 2,4,4) (S 49,7,6) (S 75,7,12) (S 29,16,17) (S 47,14,8) (S 47,14,8) (S 65,14,17) (D 0,1,1) 
 0 1 5 64 120 10 (D 0,1,1) (S 71,9,10) (S None,15,14) (S 56,17,14) (S 10,17,17) (S 54,18,15) (S 7,10,10) (S None,19,18) (S 78,22,21) (D 0,1,1) 
 0 1 6 63 153 13 (D 0,1,1) (S 33,15,19) (S 60,23,18) (S 31,17,22) (S 42,25,29) (S 13,22,22) (S 76,25,30) (S 76,25,30) (S 40,23,22) (S 68,22,29) (S 78,22,21) (S 74,29,21) (D 0,1,1) 
 0 1 7 62 135 10 (D 0,1,1) (S 28,10,19) (S 74,29,21) (S 62,29,30) (S 14,26,26) (S 57,30,29) (S 12,21,21) (S 70,29,28) (S 73,21,24) (D 0,1,1) 
 0 1 8 61 125 10 (D 0,1,1) (S 35,4,6) (S 3,6,6) (S 8,11,11) (S 46,12,16) (S 20,11,20) (S 27,21,28) (S None,24,20) (S None,21,20) (D 0,1,1) 
 0 1 9 59 167 10 (D 0,1,1) (S 61,20,16) (S 23,24,27) (S 11,20,20) (S 26,24,28) (S 32,27,28) (S 15,28,28) (S 16,30,30) (S 58,26,23) (D 0,1,1) 
