394
7
2474749
1871999
 0 1 1 20 30 7 (D 0,1,1) (S 2,3,3) (S 14,1,2) (S 26,4,5) (S 4,6,6) (S 28,12,6) (D 0,1,1) 
 0 1 2 20 54 8 (D 0,1,1) (S 27,9,3) (S 41,4,2) (S 1,2,2) (S 3,5,5) (S 17,6,7) (S 6,12,12) (D 0,1,1) 
 0 1 3 20 55 9 (D 0,1,1) (S 23,5,10) (S 19,9,10) (S 9,20,20) (S 24,23,20) (S None,23,22) (S 35,23,24) (S 38,15,16) (D 0,1,1) 
 0 1 4 19 69 11 (D 0,1,1) (S 5,10,10) (S 15,9,19) (S 39,19,20) (S 21,10,11) (S None,12,11) (S 33,12,13) (S 36,16,12) (S 7,13,13) (S 30,17,18) (D 0,1,1) 
 0 1 5 20 55 8 (D 0,1,1) (S 12,11,15) (S 31,16,15) (S 8,16,16) (S 11,13,17) (S 32,18,17) (S 16,21,24) (D 0,1,1) 
 0 1 6 20 69 7 (D 0,1,1) (S 40,13,14) (S None,18,14) (S 29,8,7) (S 29,8,7) (S 18,15,21) (D 0,1,1) 
 0 1 7 18 62 5 (D 0,1,1) (S None,14,8) (S 10,21,21) (S 37,22,19) (D 0,1,1) 
