516
10
2410250
1745999
 0 1 1 27 44 7 (D 0,1,1) (S 1,2,2) (S 4,12,12) (S 28,1,27) (S 25,26,27) (S 11,23,23) (D 0,1,1) 
 0 1 2 27 52 7 (D 0,1,1) (S 12,24,24) (S 21,23,24) (S None,23,22) (S 13,25,25) (S 8,16,16) (D 0,1,1) 
 0 1 3 27 39 5 (D 0,1,1) (S 15,1,19) (S 22,1,17) (S 7,15,15) (D 0,1,1) 
 0 1 4 26 64 8 (D 0,1,1) (S 31,1,3) (S None,6,3) (S 3,6,6) (S None,6,5) (S None,4,3) (S 5,13,13) (D 0,1,1) 
 0 1 5 26 45 5 (D 0,1,1) (S 17,3,8) (S None,9,6) (S None,5,4) (D 0,1,1) 
 0 1 6 26 48 6 (D 0,1,1) (S 23,15,20) (S 6,14,14) (S None,16,14) (S 35,21,22) (D 0,1,1) 
 0 1 7 27 36 5 (D 0,1,1) (S None,15,13) (S 9,18,18) (S 10,21,21) (D 0,1,1) 
 0 1 8 26 84 6 (D 0,1,1) (S 16,20,21) (S 39,22,25) (S 36,21,23) (S 19,6,10) (D 0,1,1) 
 0 1 9 25 57 6 (D 0,1,1) (S None,6,4) (S 38,10,11) (S 2,4,4) (S None,11,7) (D 0,1,1) 
 0 1 10 12 47 5 (D 0,1,1) (S 37,6,8) (S None,9,5) (S None,9,8) (D 0,1,1) 
