204
11
1921500
1593999
 0 1 1 27 8 5 (D 0,1,1) (S 1,2,2) (S 14,1,3) (S 11,5,8) (D 0,1,1) 
 0 1 2 27 11 6 (D 0,1,1) (S 2,3,3) (S 10,11,11) (S 34,3,11) (S 17,7,10) (D 0,1,1) 
 0 1 3 27 16 6 (D 0,1,1) (S 7,8,8) (S None,5,1) (S None,11,10) (S 41,7,8) (D 0,1,1) 
 0 1 4 27 36 8 (D 0,1,1) (S 15,2,6) (S None,4,3) (S None,11,9) (S None,7,3) (S 25,8,11) (S 37,6,11) (D 0,1,1) 
 0 1 5 27 36 8 (D 0,1,1) (S None,9,3) (S 27,2,5) (S 29,3,8) (S 42,1,4) (S 39,2,7) (S 28,4,9) (D 0,1,1) 
 0 1 6 27 26 7 (D 0,1,1) (S None,8,6) (S None,4,2) (S 33,7,11) (S None,9,8) (S 26,6,10) (D 0,1,1) 
 0 1 7 27 26 7 (D 0,1,1) (S None,3,2) (S 4,5,5) (S 23,4,7) (S 9,10,10) (S 30,5,10) (D 0,1,1) 
 0 1 8 26 26 7 (D 0,1,1) (S 6,7,7) (S None,10,9) (S None,7,6) (S 19,4,6) (S 32,5,9) (D 0,1,1) 
 0 1 9 18 9 4 (D 0,1,1) (S 8,9,9) (S None,9,7) (D 0,1,1) 
 0 1 10 10 5 3 (D 0,1,1) (S 5,6,6) (D 0,1,1) 
 0 1 11 23 5 3 (D 0,1,1) (S 3,4,4) (D 0,1,1) 
