355
7
1313249
886499
 0 1 1 20 51 10 (D 0,1,1) (S 1,3,3) (S 19,1,2) (S None,4,3) (S 25,9,3) (S 37,2,4) (S 37,2,4) (S 3,5,5) (S 27,6,12) (D 0,1,1) 
 0 1 2 20 44 9 (D 0,1,1) (S 2,4,4) (S 22,5,10) (S 18,9,10) (S 6,9,9) (S 29,19,20) (S 32,23,20) (S None,12,13) (D 0,1,1) 
 0 1 3 20 30 7 (D 0,1,1) (S 36,5,6) (S 9,12,12) (S 8,11,11) (S 10,15,15) (S 34,12,6) (D 0,1,1) 
 0 1 4 19 57 8 (D 0,1,1) (S 7,10,10) (S 30,20,23) (S 33,21,20) (S 23,10,11) (S 11,16,16) (S 26,17,18) (D 0,1,1) 
 0 1 5 20 45 6 (D 0,1,1) (S 14,6,7) (S 5,8,8) (S 4,7,7) (S 12,18,18) (D 0,1,1) 
 0 1 6 19 62 6 (D 0,1,1) (S 15,16,17) (S None,18,14) (S 35,13,14) (S None,17,13) (D 0,1,1) 
 0 1 7 19 66 6 (D 0,1,1) (S 21,21,24) (S 31,23,24) (S 24,22,19) (S 13,22,22) (D 0,1,1) 
