183
8
1773249
1134749
 0 1 1 27 26 9 (D 0,1,1) (S 4,5,5) (S 34,1,5) (S 37,1,9) (S None,6,4) (S 35,2,9) (S None,9,4) (S 7,2,7) (D 0,1,1) 
 0 1 2 27 26 7 (D 0,1,1) (S 5,6,6) (S 9,9,10) (S 21,3,4) (S None,2,1) (S 16,8,9) (D 0,1,1) 
 0 1 3 27 35 8 (D 0,1,1) (S 13,6,8) (S 14,5,7) (S 8,1,4) (S 11,2,3) (S 27,7,9) (S 15,4,10) (D 0,1,1) 
 0 1 4 27 35 10 (D 0,1,1) (S 22,5,8) (S 28,5,11) (S None,7,1) (S 32,6,9) (S 12,4,8) (S None,3,1) (S 33,9,11) (S 36,2,11) (D 0,1,1) 
 0 1 5 25 13 6 (D 0,1,1) (S 3,4,4) (S 30,2,8) (S None,8,1) (S 6,7,7) (D 0,1,1) 
 0 1 6 26 26 6 (D 0,1,1) (S 26,1,11) (S None,7,4) (S None,10,1) (S None,11,7) (D 0,1,1) 
 0 1 7 25 13 4 (D 0,1,1) (S 1,2,2) (S None,11,3) (D 0,1,1) 
 0 1 8 21 9 4 (D 0,1,1) (S 2,3,3) (S None,10,3) (D 0,1,1) 
