165
6
1041749
571749
 0 1 1 27 24 8 (D 0,1,1) (S 9,10,10) (S 7,8,8) (S None,10,7) (S None,11,7) (S None,11,3) (S None,10,3) (S None,8,1) 
 0 1 2 27 31 9 (D 0,1,1) (S 2,3,3) (S None,8,2) (S 24,4,7) (S None,11,6) (S None,11,1) (S 6,7,7) (S None,7,5) (S None,7,1) 
 0 1 3 27 42 7 (D 0,1,1) (S None,3,2) (S 13,4,9) (S 15,1,3) (S None,8,7) (S 20,6,7) (D 0,1,1) 
 0 1 4 27 26 4 (D 0,1,1) (S 27,3,5) (S 1,2,2) (S None,2,1) 
 0 1 5 22 29 5 (D 0,1,1) (S 8,9,9) (S 26,2,5) (S 4,5,5) (D 0,1,1) 
 0 1 6 24 13 4 (D 0,1,1) (S 3,4,4) (S 5,6,6) (D 0,1,1) 
