684
9
2649000
1831000
 0 1 1 45 56 9 (D 0,1,1) (S 3,5,5) (S None,4,5) (S 2,4,4) (S None,5,1) (S None,5,2) (S 40,2,4) (S 7,11,11) (D 0,1,1) 
 0 1 2 45 89 8 (D 0,1,1) (S None,4,3) (S 29,1,9) (S 24,3,9) (S 23,3,10) (S 1,2,2) (S 6,10,10) (S 28,11,1) 
 0 1 3 45 131 9 (D 0,1,1) (S 20,1,20) (S 27,15,20) (S 37,16,15) (S 14,20,20) (S 44,15,21) (S 38,24,21) (S 38,24,21) (D 0,1,1) 
 0 1 4 45 96 7 (D 0,1,1) (S 34,1,19) (S 31,20,21) (S None,23,22) (S 16,23,23) (S 15,21,21) (D 0,1,1) 
 0 1 5 45 95 6 (D 0,1,1) (S 41,9,19) (S 41,9,19) (S 13,19,19) (S 43,12,17) (D 0,1,1) 
 0 1 6 44 33 4 (D 0,1,1) (S 4,6,6) (S 43,12,17) (D 0,1,1) 
 0 1 7 41 72 11 (D 0,1,1) (S 30,6,7) (S 9,13,13) (S 11,17,17) (S None,16,12) (S 36,17,16) (S 36,17,16) (S 12,18,18) (S None,14,8) (S 8,12,12) (D 0,1,1) 
 0 1 8 36 45 4 (D 0,1,1) (S 5,7,7) (S 10,14,14) (D 0,1,1) 
 0 1 9 12 67 3 (D 0,1,1) (S 21,21,23) (D 0,1,1) 
