46616
12
4757999
3495749
 0 1 1 1694 3241 12 (D 0,1,1) (S 33,7,1) (S 34,7,14) (S 53,15,14) (S 53,15,14) (S 54,15,16) (S 6,17,17) (S 57,16,15) (S 37,8,7) (S 65,20,15) (S 35,8,2) (D 0,1,1) 
 0 1 2 1709 4047 12 (D 0,1,1) (S 4,14,14) (S 65,20,15) (S None,8,14) (S 35,8,2) (S 29,3,8) (S 26,2,1) (S None,3,9) (S None,20,21) (S 21,18,24) (S 61,18,19) (D 0,1,1) 
 0 1 3 1701 3724 7 (D 0,1,1) (S 52,14,21) (S 22,20,22) (S 9,21,21) (S 23,21,26) (S 77,30,31) (D 0,1,1) 
 0 1 4 1692 3206 9 (D 0,1,1) (S 26,2,1) (S 27,2,3) (S 17,4,10) (S None,9,8) (S 36,8,3) (S 2,10,10) (S 61,18,19) (D 0,1,1) 
 0 1 5 1661 5906 9 (D 0,1,1) (S 41,10,3) (S 30,4,5) (S 32,6,5) (S 32,6,5) (S 44,11,5) (S 49,13,12) (S 62,19,12) (D 0,1,1) 
 0 1 6 1664 3532 8 (D 0,1,1) (S 40,9,16) (S 58,17,10) (S 40,9,16) (S 58,17,10) (S 59,17,18) (S 69,24,25) (D 0,1,1) 
 0 1 7 1634 4194 8 (D 0,1,1) (S 67,22,21) (S 5,16,16) (S 20,16,23) (S 10,22,22) (S 11,23,23) (S 73,27,23) (D 0,1,1) 
 0 1 8 1693 2962 8 (D 0,1,1) (S None,24,23) (S 69,24,25) (S 16,31,31) (S 12,25,25) (S 78,31,25) (S 15,30,30) (D 0,1,1) 
 0 1 9 1679 2792 6 (D 0,1,1) (S 1,6,6) (S 19,13,19) (S 7,18,18) (S 77,30,31) (D 0,1,1) 
 0 1 10 1647 3732 9 (D 0,1,1) (S 3,12,12) (S 8,19,19) (S None,18,11) (S 42,10,11) (S 42,10,11) (S None,10,18) (S None,30,29) (D 0,1,1) 
 0 1 11 1664 3618 7 (D 0,1,1) (S 13,28,28) (S 72,26,27) (S 14,29,29) (S 75,28,29) (S 70,25,19) (D 0,1,1) 
 0 1 12 1327 5662 8 (D 0,1,1) (S 46,12,11) (S 62,19,12) (S 64,19,25) (S 47,12,13) (S 74,27,29) (S 75,28,29) (D 0,1,1) 
