25593
11
2660999
2224999
 0 1 1 1538 2199 9 (D 0,1,1) (S 4,7,7) (S None,7,1) (S 1,1,1) (S 5,8,8) (S None,2,1) (S None,9,10) (S None,11,10) (D 0,1,1) 
 0 1 2 1503 1119 7 (D 0,1,1) (S None,19,13) (S None,13,14) (S None,20,19) (S 8,14,14) (S 11,22,22) (D 0,1,1) 
 0 1 3 1509 2104 6 (D 0,1,1) (S None,9,3) (S 2,3,3) (S 18,3,4) (S 34,5,6) (D 0,1,1) 
 0 1 4 1534 1317 8 (D 0,1,1) (S None,20,21) (S None,16,22) (S 10,21,21) (S 46,22,23) (S None,17,16) (S 46,22,23) (D 0,1,1) 
 0 1 5 1498 2293 9 (D 0,1,1) (S None,10,4) (S None,5,11) (S 23,17,18) (S None,12,11) (S 27,23,29) (S 51,28,34) (S 56,35,29) (D 0,1,1) 
 0 1 6 1519 2922 9 (D 0,1,1) (S 21,10,16) (S None,28,22) (S 26,21,27) (S None,33,32) (S 59,38,37) (S 28,31,32) (S 60,38,39) (D 0,1,1) 
 0 1 7 1541 2595 8 (D 0,1,1) (S 25,19,25) (S None,25,31) (S 13,31,31) (S 60,38,39) (S 53,32,26) (S 9,18,18) (D 0,1,1) 
 0 1 8 1530 2342 8 (D 0,1,1) (S 50,27,26) (S 12,25,25) (S 14,32,32) (S 54,33,39) (S 15,40,40) (S 32,40,41) (D 0,1,1) 
 0 1 9 1342 2790 9 (D 0,1,1) (S 6,11,11) (S 7,12,12) (S 35,6,5) (S 3,4,4) (S 39,12,18) (S None,30,24) (S None,30,36) (D 0,1,1) 
 0 1 10 1365 3979 7 (D 0,1,1) (S None,33,34) (S 30,35,36) (S 63,41,42) (S None,24,18) (S 54,33,39) (D 0,1,1) 
 0 1 11 859 1933 5 (D 0,1,1) (S None,41,35) (S None,40,39) (S 16,41,41) (D 0,1,1) 
