879
8
1525499
1153249
 0 1 1 40 71 7 (D 0,1,1) (S 2,3,3) (S 36,9,3) (S 17,9,10) (S 11,20,20) (S 23,23,22) (D 0,1,1) 
 0 1 2 40 96 9 (D 0,1,1) (S 19,3,4) (S 1,2,2) (S 18,4,5) (S 35,11,5) (S 32,10,11) (S None,15,11) (S 39,15,21) (D 0,1,1) 
 0 1 3 40 112 8 (D 0,1,1) (S None,3,1) (S None,2,1) (S 40,9,19) (S 40,9,19) (S None,22,19) (S 38,22,23) (D 0,1,1) 
 0 1 4 40 99 8 (D 0,1,1) (S 22,19,20) (S 43,23,20) (S 43,23,20) (S 26,23,24) (S 12,21,21) (S 44,15,16) (D 0,1,1) 
 0 1 5 40 98 6 (D 0,1,1) (S 3,5,5) (S 7,11,11) (S None,21,20) (S 45,17,13) (D 0,1,1) 
 0 1 6 40 130 7 (D 0,1,1) (S 6,10,10) (S 34,12,11) (S None,21,24) (S 26,23,24) (S 9,16,16) (D 0,1,1) 
 0 1 7 40 145 10 (D 0,1,1) (S 33,16,12) (S 27,13,17) (S 31,14,13) (S 14,17,18) (S 37,14,18) (S None,14,8) (S None,7,8) (S 5,7,7) (D 0,1,1) 
 0 1 8 30 128 6 (D 0,1,1) (S 8,12,12) (S 28,12,6) (S 4,6,6) (S 10,18,18) (D 0,1,1) 
