383
10
6366250
1402749
 0 1 1 27 49 10 (D 0,1,1) (S 9,19,19) (S 17,1,24) (S 18,1,17) (S None,15,1) (S None,19,12) (S 36,4,12) (S None,1,2) (S 16,13,14) (D 0,1,1) 
 0 1 2 27 47 7 (D 0,1,1) (S None,24,23) (S None,23,22) (S None,25,22) (S None,25,18) (S 8,16,16) (D 0,1,1) 
 0 1 3 27 54 6 (D 0,1,1) (S None,27,24) (S 27,1,3) (S None,6,4) (S 12,25,25) (D 0,1,1) 
 0 1 4 26 24 6 (D 0,1,1) (S 5,8,8) (S 13,27,27) (S None,8,3) (S None,6,5) (D 0,1,1) 
 0 1 5 26 47 7 (D 0,1,1) (S 15,2,12) (S 1,4,4) (S 29,12,13) (S 25,14,16) (S 33,15,20) (D 0,1,1) 
 0 1 6 27 43 8 (D 0,1,1) (S 23,8,9) (S 2,5,5) (S 19,4,10) (S None,6,3) (S None,10,6) (S 44,3,4) (D 0,1,1) 
 0 1 7 26 41 7 (D 0,1,1) (S None,27,26) (S None,23,21) (S 10,20,20) (S 43,21,22) (S 40,23,26) (D 0,1,1) 
 0 1 8 26 17 4 (D 0,1,1) (S None,15,13) (S 7,14,14) (D 0,1,1) 
 0 1 9 25 38 6 (D 0,1,1) (S None,17,15) (S 11,21,21) (S None,21,18) (S 6,10,10) (D 0,1,1) 
 0 1 10 21 23 4 (D 0,1,1) (S 3,6,6) (S 4,7,7) (D 0,1,1) 
