1422
9
11725750
7991750
 0 1 1 75 160 18 (D 0,1,1) (S 1,2,2) (S 2,3,3) (S 52,1,2) (S 20,3,9) (S 86,3,4) (S None,5,4) (S 30,5,6) (S None,12,11) (S None,17,16) (S 42,19,16) (S 42,19,16) (S 10,19,19) (S 8,16,16) (S 56,19,26) (S 28,25,31) (S 96,35,36) (D 0,1,1) 
 0 1 2 74 135 14 (D 0,1,1) (S 80,2,8) (S 38,7,8) (S 89,7,1) (S 80,2,8) (S 63,13,7) (S 26,8,9) (S 86,3,4) (S 35,11,5) (S 44,4,10) (S 50,15,10) (S 50,15,10) (S 7,15,15) (D 0,1,1) 
 0 1 3 75 141 14 (D 0,1,1) (S 3,9,9) (S 32,10,11) (S None,17,11) (S 37,17,20) (S None,19,20) (S 37,17,20) (S 9,17,17) (S 11,20,20) (S 24,20,21) (S None,22,21) (S 54,22,28) (S 54,22,28) (D 0,1,1) 
 0 1 4 75 161 12 (D 0,1,1) (S 38,7,8) (S 89,7,1) (S 29,15,25) (S 73,24,14) (S 13,24,24) (S 61,23,14) (S 21,24,30) (S 70,29,23) (S None,24,23) (S 47,34,35) (D 0,1,1) 
 0 1 5 74 160 11 (D 0,1,1) (S 6,14,14) (S 71,14,13) (S 12,23,23) (S 66,23,29) (S 48,30,29) (S 48,30,29) (S 22,30,31) (S 51,31,35) (S 49,34,38) (D 0,1,1) 
 0 1 6 75 210 16 (D 0,1,1) (S 71,14,13) (S None,23,13) (S 84,25,26) (S 84,25,26) (S 90,32,26) (S 90,32,26) (S None,32,27) (S None,20,27) (S 68,33,27) (S 68,33,27) (S 76,32,36) (S 76,32,36) (S 41,40,41) (S 82,40,39) (D 0,1,1) 
 0 1 7 75 164 10 (D 0,1,1) (S 4,11,11) (S 5,12,12) (S 46,6,12) (S 36,18,22) (S 91,28,27) (S 93,31,32) (S 16,36,36) (S 53,35,34) (D 0,1,1) 
 0 1 8 74 195 14 (D 0,1,1) (S 14,26,26) (S 40,27,26) (S 31,36,40) (S None,39,35) (S 85,34,29) (S 59,29,34) (S 49,34,38) (S 67,39,38) (S 67,39,38) (S 72,41,37) (S 72,41,37) (S 19,41,41) (D 0,1,1) 
 0 1 9 30 96 5 (D 0,1,1) (S 15,27,27) (S 17,37,37) (S 18,39,39) (D 0,1,1) 
