55261
12
1138500
875000
 0 1 1 1531 5786 8 (D 0,1,1) (S None,6,1) (S 16,6,7) (S 17,6,11) (S 48,12,7) (S 19,8,9) (S 50,26,25) (D 0,1,1) 
 0 1 2 1537 5376 7 (D 0,1,1) (S None,2,1) (S 9,2,3) (S None,4,3) (S None,8,3) (S 2,11,11) (D 0,1,1) 
 0 1 3 1481 5651 8 (D 0,1,1) (S 10,2,7) (S None,8,7) (S 46,8,13) (S 24,12,13) (S 25,12,16) (S None,12,11) (D 0,1,1) 
 0 1 4 1497 3669 6 (D 0,1,1) (S 1,3,3) (S 13,4,5) (S None,10,5) (S None,10,9) (D 0,1,1) 
 0 1 5 1472 4498 6 (D 0,1,1) (S 3,14,14) (S None,9,4) (S 21,9,14) (S 26,13,14) (D 0,1,1) 
 0 1 6 1526 4302 7 (D 0,1,1) (S 4,15,15) (S 22,10,15) (S 5,22,22) (S None,21,20) (S 6,24,24) (D 0,1,1) 
 0 1 7 1532 5619 7 (D 0,1,1) (S 23,11,18) (S None,19,16) (S 30,16,17) (S 38,21,28) (S 40,23,24) (D 0,1,1) 
 0 1 8 1432 4157 6 (D 0,1,1) (S 27,13,17) (S 49,21,17) (S None,28,27) (S 37,20,27) (D 0,1,1) 
 0 1 9 1423 4255 5 (D 0,1,1) (S 28,14,15) (S None,22,15) (S 39,22,29) (D 0,1,1) 
 0 1 10 1222 3775 5 (D 0,1,1) (S 32,18,19) (S None,24,19) (S 42,24,26) (D 0,1,1) 
 0 1 11 1509 4876 5 (D 0,1,1) (S 33,18,23) (S 41,23,25) (S 45,28,29) (D 0,1,1) 
 0 1 12 931 3297 4 (D 0,1,1) (S 34,19,20) (S None,27,26) (D 0,1,1) 
