1054
9
4985749
3510999
 0 1 1 65 101 12 (D 0,1,1) (S 3,5,5) (S 22,1,2) (S 50,3,2) (S 27,3,10) (S 65,9,2) (S 65,9,2) (S 6,9,9) (S 1,2,2) (S 55,9,10) (S 59,7,4) (D 0,1,1) 
 0 1 2 65 134 11 (D 0,1,1) (S 29,5,8) (S 46,13,8) (S 46,13,8) (S 41,17,13) (S 8,12,12) (S 52,13,16) (S 42,7,12) (S 56,11,12) (S 4,7,7) (D 0,1,1) 
 0 1 3 65 83 9 (D 0,1,1) (S 5,8,8) (S None,14,8) (S 9,14,14) (S 39,17,14) (S 39,17,14) (S 34,17,22) (S 37,29,22) (D 0,1,1) 
 0 1 4 65 118 10 (D 0,1,1) (S None,8,7) (S 2,4,4) (S None,7,6) (S 58,6,11) (S 62,12,11) (S 60,16,11) (S 60,16,11) (S 23,24,28) (D 0,1,1) 
 0 1 5 64 126 9 (D 0,1,1) (S 55,9,10) (S 64,9,15) (S None,15,14) (S 31,17,18) (S None,19,15) (S 10,15,15) (S 53,22,29) (D 0,1,1) 
 0 1 6 65 181 12 (D 0,1,1) (S None,15,10) (S 54,18,15) (S 28,10,19) (S 12,18,18) (S 57,26,18) (S 33,22,25) (S 38,30,29) (S 48,22,21) (S 16,25,25) (S 63,30,25) (D 0,1,1) 
 0 1 7 64 96 6 (D 0,1,1) (S 11,16,16) (S 7,11,11) (S 26,24,27) (S 24,27,28) (D 0,1,1) 
 0 1 8 62 114 9 (D 0,1,1) (S 14,21,21) (S None,29,21) (S 19,29,29) (S 20,30,30) (S 49,25,29) (S None,30,26) (S 18,28,28) (D 0,1,1) 
 0 1 9 51 101 5 (D 0,1,1) (S 13,20,20) (S 15,23,23) (S 17,26,26) (D 0,1,1) 
