816
8
1836000
1272750
 0 1 1 40 106 10 (D 0,1,1) (S 2,3,3) (S 28,9,3) (S 31,1,3) (S 31,1,3) (S 19,1,2) (S None,4,3) (S 8,9,9) (S 41,15,21) (D 0,1,1) 
 0 1 2 39 48 7 (D 0,1,1) (S 1,2,2) (S 3,4,4) (S 4,5,5) (S 39,11,5) (S 39,11,5) (D 0,1,1) 
 0 1 3 40 106 8 (D 0,1,1) (S 21,9,10) (S 22,11,15) (S 27,21,15) (S None,21,20) (S 29,10,11) (S 35,17,13) (D 0,1,1) 
 0 1 4 40 102 7 (D 0,1,1) (S None,9,19) (S None,22,19) (S 16,22,22) (S 37,19,20) (S 15,21,21) (D 0,1,1) 
 0 1 5 39 114 9 (D 0,1,1) (S 34,10,20) (S 29,10,11) (S 11,15,15) (S None,21,24) (S None,15,16) (S 23,17,18) (S 10,14,14) (D 0,1,1) 
 0 1 6 40 114 6 (D 0,1,1) (S 14,20,20) (S 17,23,23) (S 18,24,24) (S 6,7,7) (D 0,1,1) 
 0 1 7 38 106 7 (D 0,1,1) (S 12,16,16) (S 35,17,13) (S 36,16,12) (S 33,14,13) (S 9,12,12) (D 0,1,1) 
 0 1 8 34 120 6 (D 0,1,1) (S 26,12,6) (S 7,8,8) (S 13,18,18) (S 5,6,6) (D 0,1,1) 
