894
8
2811250
1989750
 0 1 1 40 64 8 (D 0,1,1) (S 1,2,2) (S None,1,3) (S 29,9,3) (S 6,9,9) (S 2,3,3) (S None,9,19) (D 0,1,1) 
 0 1 2 40 87 8 (D 0,1,1) (S 16,2,4) (S 15,3,4) (S 4,5,5) (S 42,11,5) (S 26,15,21) (S 26,15,21) (D 0,1,1) 
 0 1 3 40 112 7 (D 0,1,1) (S 19,9,10) (S 33,19,20) (S None,23,20) (S 31,23,22) (S 13,23,23) (D 0,1,1) 
 0 1 4 39 115 9 (D 0,1,1) (S 3,4,4) (S 38,10,11) (S None,15,11) (S 34,15,16) (S 34,15,16) (S 24,21,24) (S 31,23,22) (D 0,1,1) 
 0 1 5 40 149 8 (D 0,1,1) (S 20,19,22) (S 25,23,24) (S 25,23,24) (S 14,24,24) (S 35,20,10) (S 9,13,13) (D 0,1,1) 
 0 1 6 40 81 7 (D 0,1,1) (S 7,10,10) (S 12,20,20) (S 22,16,17) (S None,13,12) (S 8,11,11) (D 0,1,1) 
 0 1 7 40 145 8 (D 0,1,1) (S 36,12,11) (S 32,16,12) (S 11,17,17) (S 39,18,14) (S 10,14,14) (S None,8,7) (D 0,1,1) 
 0 1 8 31 141 6 (D 0,1,1) (S 37,12,6) (S None,7,6) (S 18,8,14) (S 5,8,8) (D 0,1,1) 
