1022
10
5609750
4069749
 0 1 1 50 79 12 (D 0,1,1) (S 1,2,2) (S None,2,3) (S None,9,8) (S None,12,11) (S 55,6,5) (S None,31,29) (S None,31,1) (S 34,2,1) (S 34,2,1) (S 48,31,5) (D 0,1,1) 
 0 1 2 50 93 10 (D 0,1,1) (S 26,2,8) (S 47,12,13) (S 47,12,13) (S 9,12,12) (S None,13,9) (S 2,3,3) (S 49,9,4) (S None,13,4) (D 0,1,1) 
 0 1 3 50 95 7 (D 0,1,1) (S 20,3,4) (S 32,13,19) (S None,22,21) (S None,18,12) (S 44,18,19) (D 0,1,1) 
 0 1 4 50 121 12 (D 0,1,1) (S 48,31,5) (S 5,6,6) (S 4,5,5) (S 56,6,11) (S 66,7,6) (S None,5,10) (S 35,14,10) (S 57,14,15) (S 64,16,17) (S 3,4,4) (D 0,1,1) 
 0 1 5 49 103 9 (D 0,1,1) (S 19,1,7) (S 43,1,30) (S 60,29,30) (S 60,29,30) (S 63,29,28) (S 16,28,28) (S 51,28,26) (D 0,1,1) 
 0 1 6 50 123 9 (D 0,1,1) (S 43,1,30) (S None,29,27) (S 59,26,28) (S 52,25,28) (S 21,26,27) (S 27,24,27) (S None,24,23) (D 0,1,1) 
 0 1 7 48 95 9 (D 0,1,1) (S 7,10,10) (S 57,14,15) (S 36,10,16) (S 10,15,15) (S 23,10,11) (S 8,11,11) (S 41,17,11) (D 0,1,1) 
 0 1 8 48 148 9 (D 0,1,1) (S 46,7,8) (S 12,18,18) (S None,21,18) (S 14,21,21) (S 44,18,19) (S None,22,20) (S 11,17,17) (D 0,1,1) 
 0 1 9 43 118 6 (D 0,1,1) (S 6,8,8) (S None,21,19) (S 13,19,19) (S 39,19,20) (D 0,1,1) 
 0 1 10 13 47 3 (D 0,1,1) (S 15,23,23) (D 0,1,1) 
