158
7
1012749
580499
 0 1 1 27 33 8 (D 0,1,1) (S 4,5,5) (S None,10,7) (S 19,9,10) (S 7,8,8) (S 8,10,10) (S 16,2,9) (D 0,1,1) 
 0 1 2 25 47 11 (D 0,1,1) (S 24,1,5) (S 6,7,7) (S None,11,7) (S 21,7,9) (S 12,6,9) (S 18,6,11) (S None,7,4) (S 23,7,8) (S None,8,2) (D 0,1,1) 
 0 1 3 26 22 5 (D 0,1,1) (S None,8,1) (S 1,2,2) (S 9,1,9) (D 0,1,1) 
 0 1 4 25 20 4 (D 0,1,1) (S 11,1,11) (S 5,6,6) (D 0,1,1) 
 0 1 5 14 15 3 (D 0,1,1) (S 14,2,4) (S None,2,1) 
 0 1 6 22 7 3 (D 0,1,1) (S 2,3,3) (D 0,1,1) 
 0 1 7 15 14 3 (D 0,1,1) (S 3,4,4) (D 0,1,1) 
