955
10
11840250
9077249
 0 1 1 70 56 14 (D 0,1,1) (S 4,5,5) (S 1,2,2) (S None,3,2) (S 2,3,3) (S 53,3,6) (S 40,5,10) (S 10,11,11) (S None,12,11) (S 11,12,12) (S 76,11,6) (S 102,5,6) (S 69,1,9) (D 0,1,1) 
 0 1 2 70 86 16 (D 0,1,1) (S 8,9,9) (S None,14,9) (S 13,14,14) (S 49,23,28) (S None,27,26) (S None,21,13) (S 17,21,21) (S 65,22,14) (S 72,23,24) (S None,15,1) (S 86,10,17) (S None,18,17) (S 67,18,19) (S 6,7,7) (D 0,1,1) 
 0 1 3 70 55 10 (D 0,1,1) (S 9,10,10) (S 16,17,17) (S 25,31,31) (S None,32,19) (S 96,32,31) (S 26,32,32) (S 93,31,39) (S 84,29,23) (D 0,1,1) 
 0 1 4 70 81 15 (D 0,1,1) (S 15,16,16) (S 52,17,24) (S 79,15,16) (S 79,15,16) (S 14,15,15) (S 82,23,29) (S 24,30,30) (S 23,29,29) (S 55,30,38) (S None,36,28) (S None,27,28) (S 21,27,27) (S 87,23,15) (D 0,1,1) 
 0 1 5 70 90 14 (D 0,1,1) (S 78,1,16) (S 78,1,16) (S None,29,28) (S 61,27,35) (S 71,36,38) (S 29,36,36) (S None,38,37) (S 30,38,38) (S 59,37,29) (S 63,30,39) (S 97,29,24) (S 95,14,22) (D 0,1,1) 
 0 1 6 70 109 13 (D 0,1,1) (S 5,6,6) (S 3,4,4) (S 12,13,13) (S None,21,20) (S None,25,26) (S 20,25,25) (S 50,26,34) (S 28,35,35) (S 91,35,43) (S 34,44,44) (S None,33,25) (D 0,1,1) 
 0 1 7 70 122 11 (D 0,1,1) (S None,13,22) (S 18,22,22) (S 101,13,8) (S 19,24,24) (S 31,39,39) (S 81,39,47) (S 81,39,47) (S None,40,32) (S 98,20,25) (D 0,1,1) 
 0 1 8 69 110 12 (D 0,1,1) (S 22,28,28) (S 92,44,37) (S 36,46,46) (S None,50,45) (S 99,49,50) (S 80,46,45) (S 99,49,50) (S 38,49,49) (S 35,45,45) (S 100,49,48) (D 0,1,1) 
 0 1 9 67 141 11 (D 0,1,1) (S 7,8,8) (S 27,33,33) (S 54,33,41) (S None,42,34) (S 77,34,35) (S 91,35,43) (S 39,42,43) (S 68,48,43) (S 68,48,43) (D 0,1,1) 
 0 1 10 28 105 7 (D 0,1,1) (S 88,47,40) (S 33,43,43) (S 37,48,48) (S 32,41,41) (S 103,33,34) (D 0,1,1) 
