1372
10
17363500
13775000
 0 1 1 75 72 15 (D 0,1,1) (S 4,6,6) (S 8,12,12) (S 89,13,6) (S 114,12,13) (S 114,12,13) (S 118,12,11) (S 52,5,6) (S 116,7,6) (S 116,7,6) (S 5,7,7) (S 1,2,2) (S 77,7,13) (S 89,13,6) (D 0,1,1) 
 0 1 2 75 103 16 (D 0,1,1) (S 121,6,1) (S None,7,8) (S None,9,8) (S 6,9,9) (S 36,8,14) (S None,15,9) (S 66,16,9) (S 92,9,16) (S 87,24,23) (S 11,15,15) (S None,14,13) (S 9,13,13) (S 15,20,20) (S None,19,11) (D 0,1,1) 
 0 1 3 75 145 13 (D 0,1,1) (S 33,2,3) (S 42,9,10) (S None,17,16) (S 87,24,23) (S 59,15,16) (S 50,24,25) (S None,28,25) (S 20,28,28) (S 107,24,32) (S 79,31,23) (S 67,22,31) (D 0,1,1) 
 0 1 4 75 147 18 (D 0,1,1) (S 38,20,21) (S None,22,14) (S 10,14,14) (S 18,23,23) (S 62,23,31) (S None,32,31) (S 23,32,32) (S 78,31,22) (S None,31,27) (S None,30,26) (S 21,30,30) (S 19,26,26) (S None,30,27) (S 103,30,34) (S 103,30,34) (S 83,47,46) (D 0,1,1) 
 0 1 5 75 137 14 (D 0,1,1) (S 48,13,21) (S 17,22,22) (S 22,31,31) (S 39,32,37) (S None,43,37) (S 27,43,43) (S 74,37,36) (S None,35,27) (S 37,26,34) (S 96,26,18) (S 14,19,19) (S 94,41,48) (D 0,1,1) 
 0 1 6 75 156 16 (D 0,1,1) (S 3,5,5) (S 7,11,11) (S 110,5,11) (S 73,5,18) (S None,19,18) (S 60,29,33) (S 35,34,40) (S 30,47,47) (S None,40,33) (S 71,46,47) (S 26,40,40) (S 63,35,41) (S 104,48,41) (S 64,44,42) (D 0,1,1) 
 0 1 7 75 158 16 (D 0,1,1) (S 110,5,11) (S 16,21,21) (S None,27,21) (S 53,27,36) (S 84,42,41) (S 31,48,48) (S 69,41,49) (S 97,49,48) (S 32,49,49) (S 112,49,50) (S None,43,38) (S 95,45,43) (S 95,45,43) (S 105,50,43) (D 0,1,1) 
 0 1 8 75 173 12 (D 0,1,1) (S 86,18,29) (S 24,33,33) (S 117,39,29) (S 90,33,39) (S 13,18,18) (S 25,35,35) (S 113,36,42) (S 28,44,44) (S 99,43,42) (S 64,44,42) (D 0,1,1) 
 0 1 9 73 158 14 (D 0,1,1) (S 12,16,16) (S 106,17,10) (S 106,17,10) (S 49,17,25) (S 119,28,38) (S 29,45,45) (S 115,43,50) (S None,45,38) (S None,45,50) (S 82,37,38) (S 119,28,38) (S 91,32,38) (D 0,1,1) 
 0 1 10 31 123 7 (D 0,1,1) (S 2,3,3) (S None,4,3) (S 85,4,10) (S 113,36,42) (S 51,44,50) (D 0,1,1) 
