18748
15
4150499
3276249
 0 1 1 190 1113 13 (D 0,1,1) (S 14,2,2) (S None,3,2) (S None,2,1) (S 23,2,4) (S 24,4,5) (S None,7,5) (S 27,7,8) (S 9,5,5) (S None,6,5) (S 74,50,52) (S None,53,52) (D 0,1,1) 
 0 1 2 189 632 6 (D 0,1,1) (S 95,4,69) (S 94,59,69) (S None,59,58) (S None,59,11) (D 0,1,1) 
 0 1 3 189 1214 11 (D 0,1,1) (S None,69,58) (S None,59,44) (S None,45,44) (S None,46,45) (S None,44,43) (S 81,42,57) (S None,56,55) (S None,40,39) (S 106,21,51) (D 0,1,1) 
 0 1 4 189 941 11 (D 0,1,1) (S 28,8,9) (S None,10,9) (S 30,11,12) (S 11,76,76) (S 31,12,16) (S 32,13,16) (S 5,13,13) (S None,14,13) (S None,77,13) (D 0,1,1) 
 0 1 5 190 883 8 (D 0,1,1) (S None,58,57) (S 3,42,42) (S 17,43,43) (S 18,41,41) (S None,39,35) (S 60,37,38) (D 0,1,1) 
 0 1 6 190 1495 11 (D 0,1,1) (S 85,58,60) (S None,62,60) (S 88,62,63) (S None,64,63) (S None,65,63) (S 91,62,66) (S 86,60,61) (S None,41,35) (S 43,22,24) (D 0,1,1) 
 0 1 7 190 1613 15 (D 0,1,1) (S 68,44,46) (S None,47,46) (S 70,47,48) (S 71,47,49) (S None,50,49) (S 8,50,50) (S 77,52,54) (S None,50,19) (S 39,18,20) (S None,76,20) (S 104,15,77) (S None,53,51) (S 99,72,73) (D 0,1,1) 
 0 1 8 188 1310 9 (D 0,1,1) (S 73,49,51) (S None,21,19) (S None,18,15) (S 10,15,15) (S 35,15,17) (S None,77,76) (S None,72,71) (D 0,1,1) 
 0 1 9 189 1036 7 (D 0,1,1) (S None,39,37) (S 16,37,37) (S None,37,33) (S None,32,31) (S 47,23,26) (D 0,1,1) 
 0 1 10 186 976 7 (D 0,1,1) (S None,35,32) (S None,31,23) (S None,26,25) (S 78,24,53) (S 4,51,51) (D 0,1,1) 
 0 1 11 185 1452 8 (D 0,1,1) (S None,20,19) (S 37,18,19) (S 101,18,72) (S None,73,71) (S 19,73,73) (S 7,75,75) (D 0,1,1) 
 0 1 12 190 1156 11 (D 0,1,1) (S 41,21,22) (S 20,24,24) (S 42,22,75) (S None,25,24) (S None,75,25) (S None,75,23) (S 48,26,27) (S 49,26,28) (S None,29,25) (D 0,1,1) 
 0 1 13 188 1650 10 (D 0,1,1) (S 92,66,68) (S 15,65,65) (S None,33,32) (S 2,31,31) (S 52,30,31) (S 1,27,27) (S 50,28,29) (S 6,29,29) (D 0,1,1) 
 0 1 14 186 2213 7 (D 0,1,1) (S 12,16,16) (S None,71,70) (S 100,73,74) (S 56,32,34) (S 58,33,36) (D 0,1,1) 
 0 1 15 30 1064 3 (D 0,1,1) (S 13,34,34) (D 0,1,1) 
