5243
19
24650499
21709749
 0 1 1 75 302 13 (D 0,1,1) (S 110,6,1) (S 116,6,5) (S 117,11,5) (S 117,11,5) (S 59,11,12) (S 121,13,6) (S 120,12,6) (S 39,1,6) (S 120,12,6) (S 61,12,13) (S 9,41,41) (D 0,1,1) 
 0 1 2 75 232 11 (D 0,1,1) (S 48,6,7) (S 108,2,1) (S 116,6,5) (S 59,11,12) (S 121,13,6) (S 38,1,5) (S 60,11,19) (S 118,18,5) (S 61,12,13) (D 0,1,1) 
 0 1 3 75 260 11 (D 0,1,1) (S 48,6,7) (S 108,2,1) (S 7,5,5) (S 60,11,19) (S 118,18,5) (S 38,1,5) (S 62,12,20) (S 62,12,20) (S 89,26,30) (D 0,1,1) 
 0 1 4 75 298 14 (D 0,1,1) (S 123,13,7) (S 41,2,7) (S 122,8,7) (S 41,2,7) (S 122,8,7) (S 40,2,3) (S 124,9,8) (S 52,7,13) (S 134,14,13) (S 134,14,13) (S 125,14,8) (S 160,30,26) (D 0,1,1) 
 0 1 5 74 243 12 (D 0,1,1) (S 64,13,21) (S 64,13,21) (S 146,20,19) (S 72,18,19) (S 72,18,19) (S 73,18,26) (S 149,30,20) (S 148,21,20) (S 148,21,20) (S 79,21,22) (D 0,1,1) 
 0 1 6 75 293 13 (D 0,1,1) (S 10,7,7) (S 40,2,3) (S 124,9,8) (S 56,9,15) (S 65,14,15) (S 66,14,22) (S 139,23,15) (S 125,14,8) (S 56,9,15) (S 65,14,15) (S 27,42,44) (D 0,1,1) 
 0 1 7 75 250 12 (D 0,1,1) (S 146,20,19) (S 74,18,29) (S 147,26,19) (S 73,18,26) (S 149,30,20) (S 80,21,27) (S 162,30,27) (S 162,30,27) (S 99,30,34) (S 99,30,34) (D 0,1,1) 
 0 1 8 73 251 11 (D 0,1,1) (S 66,14,22) (S 139,23,15) (S 5,23,23) (S 67,15,16) (S 67,15,16) (S 154,24,23) (S 150,22,21) (S 151,27,21) (S 92,27,31) (D 0,1,1) 
 0 1 9 75 245 14 (D 0,1,1) (S 1,19,19) (S 74,18,29) (S 147,26,19) (S 88,26,29) (S 90,26,34) (S None,40,34) (S 21,40,41) (S None,48,41) (S None,48,47) (S 22,40,47) (S 177,40,33) (S 11,34,35) (D 0,1,1) 
 0 1 10 73 281 11 (D 0,1,1) (S 114,9,3) (S 55,9,10) (S 113,4,3) (S 57,9,16) (S 154,24,23) (S 81,22,23) (S 81,22,23) (S 82,22,31) (S 157,32,24) (D 0,1,1) 
 0 1 11 72 289 11 (D 0,1,1) (S 114,9,3) (S 55,9,10) (S 113,4,3) (S 57,9,16) (S 141,24,16) (S 141,24,16) (S 85,24,25) (S 85,24,25) (S 86,24,32) (D 0,1,1) 
 0 1 12 73 285 11 (D 0,1,1) (S 4,3,3) (S 6,4,4) (S 8,10,10) (S 44,4,10) (S 44,4,10) (S 140,17,16) (S 140,17,16) (S 129,17,10) (S 129,17,10) (D 0,1,1) 
 0 1 13 72 289 12 (D 0,1,1) (S 93,27,35) (S 161,34,26) (S 159,29,26) (S 97,29,33) (S 175,34,33) (S 175,34,33) (S 177,40,33) (S 169,39,29) (S 97,29,33) (S 169,39,29) (D 0,1,1) 
 0 1 14 75 274 12 (D 0,1,1) (S 94,27,36) (S 172,37,31) (S 171,32,31) (S 171,32,31) (S 172,37,31) (S None,37,36) (S 17,37,38) (S None,43,37) (S 165,36,27) (S 164,35,27) (D 0,1,1) 
 0 1 15 74 321 14 (D 0,1,1) (S 92,27,31) (S 166,32,28) (S 102,32,37) (S None,36,35) (S None,41,35) (S 23,41,42) (S 30,44,49) (S 25,41,49) (S 31,44,50) (S None,45,43) (S None,45,38) (S 29,43,50) (D 0,1,1) 
 0 1 16 74 330 11 (D 0,1,1) (S 84,23,31) (S 103,32,38) (S None,43,42) (S 16,36,42) (S None,49,48) (S None,47,46) (S 105,33,39) (S 105,33,39) (S 173,37,32) (D 0,1,1) 
 0 1 17 70 317 11 (D 0,1,1) (S 84,23,31) (S 166,32,28) (S 103,32,38) (S None,43,38) (S 158,28,25) (S 158,28,25) (S 96,28,38) (S 96,28,38) (S 32,45,50) (D 0,1,1) 
 0 1 18 70 331 9 (D 0,1,1) (S 82,22,31) (S 142,25,17) (S 142,25,17) (S 3,25,25) (S None,50,49) (S 2,49,49) (S 107,33,46) (D 0,1,1) 
 0 1 19 10 152 3 (D 0,1,1) (S 107,33,46) (D 0,1,1) 
