804
8
2026500
1345749
 0 1 1 40 94 9 (D 0,1,1) (S 2,3,3) (S 27,9,3) (S 22,9,10) (S 39,20,23) (S 39,20,23) (S 32,21,24) (S 36,21,15) (D 0,1,1) 
 0 1 2 40 106 9 (D 0,1,1) (S 18,3,4) (S 1,2,2) (S 20,4,5) (S 34,11,5) (S 34,11,5) (S 28,11,10) (S 38,17,13) (D 0,1,1) 
 0 1 3 40 132 9 (D 0,1,1) (S None,3,1) (S None,2,1) (S 37,9,19) (S None,22,19) (S 14,22,22) (S 15,23,23) (S None,18,14) (D 0,1,1) 
 0 1 4 40 51 4 (D 0,1,1) (S 12,19,19) (S 13,20,20) (D 0,1,1) 
 0 1 5 39 106 7 (D 0,1,1) (S 23,5,10) (S 33,23,24) (S None,15,11) (S 8,15,15) (S 35,16,15) (D 0,1,1) 
 0 1 6 40 120 6 (D 0,1,1) (S 5,10,10) (S 25,12,11) (S 9,16,16) (S None,8,7) (D 0,1,1) 
 0 1 7 34 101 7 (D 0,1,1) (S 16,24,24) (S 10,17,17) (S 29,13,17) (S 11,18,18) (S 7,14,14) (D 0,1,1) 
 0 1 8 37 94 5 (D 0,1,1) (S 6,12,12) (S 3,6,6) (S 4,8,8) (D 0,1,1) 
