355
7
848250
519250
 0 1 1 40 32 6 (D 0,1,1) (S 3,4,4) (S None,2,4) (S 1,2,2) (S 21,3,7) (D 0,1,1) 
 0 1 2 40 69 6 (D 0,1,1) (S 14,4,3) (S 11,2,1) (S None,5,4) (S 16,5,7) (D 0,1,1) 
 0 1 3 40 60 5 (D 0,1,1) (S 2,3,3) (S 15,2,8) (S None,7,6) (D 0,1,1) 
 0 1 4 39 70 7 (D 0,1,1) (S 18,3,6) (S None,7,1) (S 4,5,5) (S None,9,5) (S 8,9,9) (D 0,1,1) 
 0 1 5 33 64 5 (D 0,1,1) (S 10,1,5) (S None,9,1) (S 5,6,6) (D 0,1,1) 
 0 1 6 26 17 3 (D 0,1,1) (S 6,7,7) (D 0,1,1) 
 0 1 7 27 43 3 (D 0,1,1) (S 7,8,8) (D 0,1,1) 
