139
6
510249
273499
 0 1 1 27 20 8 (D 0,1,1) (S 7,11,11) (S 8,1,3) (S None,2,1) (S None,11,3) (S None,10,8) (S 11,2,9) (D 0,1,1) 
 0 1 2 27 36 8 (D 0,1,1) (S 5,8,8) (S 20,2,5) (S None,7,5) (S None,7,1) (S None,5,3) (S 15,3,10) (D 0,1,1) 
 0 1 3 27 9 4 (D 0,1,1) (S 16,1,5) (S 1,2,2) (D 0,1,1) 
 0 1 4 27 30 6 (D 0,1,1) (S 18,1,10) (S 4,7,7) (S None,10,6) (S 24,3,6) (D 0,1,1) 
 0 1 5 26 21 5 (D 0,1,1) (S 22,6,7) (S 3,6,6) (S 6,9,9) (D 0,1,1) 
 0 1 6 20 23 5 (D 0,1,1) (S 10,6,9) (S 21,4,9) (S 2,4,4) (D 0,1,1) 
