1288
9
8945000
6376000
 0 1 1 75 141 15 (D 0,1,1) (S 4,6,6) (S 35,1,2) (S 6,8,8) (S None,14,13) (S 43,7,6) (S 57,1,7) (S 68,13,7) (S 68,13,7) (S None,13,12) (S None,19,13) (S 43,7,6) (S 5,7,7) (S 81,20,26) (D 0,1,1) 
 0 1 2 75 108 11 (D 0,1,1) (S 38,6,12) (S 12,19,19) (S 10,12,12) (S 36,19,25) (S None,29,18) (S None,12,18) (S 50,29,25) (S 50,29,25) (S 18,29,29) (D 0,1,1) 
 0 1 3 75 126 11 (D 0,1,1) (S 44,6,18) (S 23,29,30) (S 37,25,26) (S 86,20,19) (S 84,20,14) (S 51,8,9) (S 8,10,10) (S 47,3,2) (S 11,14,14) (D 0,1,1) 
 0 1 4 75 166 15 (D 0,1,1) (S None,13,2) (S 24,14,15) (S 48,9,15) (S 48,9,15) (S 7,9,9) (S 25,10,16) (S None,10,4) (S 55,3,10) (S 2,3,3) (S None,4,3) (S 53,10,11) (S 61,5,11) (S None,23,22) (D 0,1,1) 
 0 1 5 75 150 14 (D 0,1,1) (S 1,2,2) (S 86,20,19) (S 73,21,20) (S 65,26,20) (S 15,26,26) (S 16,27,27) (S 31,26,31) (S 71,32,27) (S 20,32,32) (S 59,27,28) (S 21,33,33) (S None,32,31) (D 0,1,1) 
 0 1 6 75 179 12 (D 0,1,1) (S 29,15,22) (S 30,23,28) (S None,22,21) (S 62,16,15) (S 85,21,15) (S 85,21,15) (S 13,21,21) (S 59,27,28) (S 72,22,28) (S None,34,28) (D 0,1,1) 
 0 1 7 74 162 13 (D 0,1,1) (S 63,25,30) (S None,31,30) (S 19,30,30) (S 22,34,34) (S 17,28,28) (S 77,34,24) (S 52,17,11) (S 54,5,4) (S 53,10,11) (S 61,5,11) (S 52,17,11) (D 0,1,1) 
 0 1 8 72 159 9 (D 0,1,1) (S 3,4,4) (S 9,11,11) (S None,17,16) (S 80,17,24) (S 79,16,23) (S 40,23,24) (S 80,17,24) (D 0,1,1) 
 0 1 9 18 97 4 (D 0,1,1) (S None,11,24) (S 14,24,24) (D 0,1,1) 
