1094
9
6857750
4834999
 0 1 1 65 131 14 (D 0,1,1) (S 26,5,8) (S 65,13,8) (S 65,13,8) (S None,13,12) (S 55,16,13) (S 5,8,8) (S 38,14,13) (S None,8,7) (S 74,4,7) (S 74,4,7) (S 71,6,7) (S 71,6,7) (D 0,1,1) 
 0 1 2 64 119 12 (D 0,1,1) (S None,5,1) (S 40,4,5) (S 35,1,2) (S 53,3,2) (S 53,3,2) (S 1,3,3) (S 52,2,9) (S 58,15,9) (S None,15,10) (S 49,9,2) (D 0,1,1) 
 0 1 3 65 45 5 (D 0,1,1) (S 6,9,9) (S 8,15,15) (S None,9,8) (D 0,1,1) 
 0 1 4 65 135 10 (D 0,1,1) (S None,8,1) (S 63,9,10) (S 63,9,10) (S None,15,14) (S 48,17,13) (S None,8,14) (S None,17,14) (S None,17,16) (D 0,1,1) 
 0 1 5 65 126 9 (D 0,1,1) (S 27,10,19) (S 11,18,18) (S 69,23,18) (S 10,17,17) (S None,22,17) (S 30,22,25) (S 73,30,29) (D 0,1,1) 
 0 1 6 64 157 14 (D 0,1,1) (S 44,13,16) (S 62,12,16) (S 54,11,16) (S 62,12,16) (S 45,12,11) (S 9,16,16) (S 7,11,11) (S 29,16,21) (S 39,22,21) (S 47,23,22) (S 68,29,22) (S 68,29,22) (D 0,1,1) 
 0 1 7 65 114 12 (D 0,1,1) (S 4,7,7) (S 2,4,4) (S 3,6,6) (S 34,11,20) (S 14,24,24) (S 57,20,16) (S 60,21,22) (S 59,29,21) (S 15,25,25) (S 41,30,25) (D 0,1,1) 
 0 1 8 62 120 10 (D 0,1,1) (S 13,21,21) (S 59,29,21) (S 18,29,29) (S 25,21,28) (S 37,24,27) (S 12,20,20) (S 75,28,29) (S None,30,26) (D 0,1,1) 
 0 1 9 51 147 7 (D 0,1,1) (S 66,25,29) (S 42,30,23) (S 19,20,27) (S 17,27,27) (S 16,26,26) (D 0,1,1) 
