488
10
2263000
1594500
 0 1 1 27 52 9 (D 0,1,1) (S 21,1,24) (S None,24,23) (S None,26,23) (S 11,26,26) (S None,27,1) (S 12,2,1) (S 32,13,14) (D 0,1,1) 
 0 1 2 27 60 8 (D 0,1,1) (S None,27,24) (S None,23,22) (S 25,25,26) (S None,25,18) (S 7,14,14) (S 8,16,16) (D 0,1,1) 
 0 1 3 27 45 7 (D 0,1,1) (S 1,2,2) (S 30,12,13) (S 26,14,18) (S 28,14,20) (S 33,15,20) (D 0,1,1) 
 0 1 4 27 40 6 (D 0,1,1) (S 17,1,15) (S 40,20,21) (S 9,18,18) (S 31,14,21) (D 0,1,1) 
 0 1 5 27 44 6 (D 0,1,1) (S 19,1,17) (S None,15,13) (S 10,21,21) (S None,25,22) (D 0,1,1) 
 0 1 6 27 66 7 (D 0,1,1) (S None,19,1) (S None,17,15) (S 44,21,25) (S 2,3,3) (S 24,6,7) (D 0,1,1) 
 0 1 7 27 40 6 (D 0,1,1) (S 29,3,6) (S 36,7,11) (S None,10,6) (S 4,5,5) (D 0,1,1) 
 0 1 8 24 57 7 (D 0,1,1) (S 34,3,4) (S 15,5,9) (S 5,6,6) (S 43,3,8) (S None,9,8) (D 0,1,1) 
 0 1 9 27 48 5 (D 0,1,1) (S None,6,4) (S None,9,6) (S 3,4,4) (D 0,1,1) 
 0 1 10 9 36 4 (D 0,1,1) (S 14,4,10) (S 6,10,10) (D 0,1,1) 
