89659
23
3789749
3130749
 0 1 1 1468 3992 10 (D 0,1,1) (S 13,2,3) (S None,2,11) (S None,18,11) (S None,18,17) (S 34,18,19) (S None,30,29) (S 90,20,21) (S None,22,21) (D 0,1,1) 
 0 1 2 1470 4919 7 (D 0,1,1) (S None,11,1) (S None,11,10) (S 11,1,10) (S 80,44,45) (S 30,15,16) (D 0,1,1) 
 0 1 3 1455 3659 6 (D 0,1,1) (S 25,11,19) (S 54,30,31) (S None,32,20) (S 67,37,38) (D 0,1,1) 
 0 1 4 1472 4173 8 (D 0,1,1) (S 89,12,11) (S 55,30,43) (S None,44,31) (S 5,32,32) (S None,31,19) (S 85,52,53) (D 0,1,1) 
 0 1 5 1415 3467 8 (D 0,1,1) (S None,19,12) (S 35,19,20) (S 39,21,34) (S None,33,20) (S 40,22,23) (S None,24,25) (D 0,1,1) 
 0 1 6 1437 3612 6 (D 0,1,1) (S 23,10,17) (S None,12,3) (S 26,12,13) (S 16,4,5) (D 0,1,1) 
 0 1 7 1472 3811 6 (D 0,1,1) (S 14,3,4) (S 28,13,20) (S 93,35,22) (S 6,33,33) (D 0,1,1) 
 0 1 8 1406 3633 6 (D 0,1,1) (S 2,17,17) (S 33,17,29) (S 78,42,43) (S None,42,29) (D 0,1,1) 
 0 1 9 1443 3782 8 (D 0,1,1) (S 57,32,33) (S None,34,33) (S 61,34,35) (S None,36,35) (S 65,36,48) (S None,47,46) (D 0,1,1) 
 0 1 10 1464 4366 7 (D 0,1,1) (S 58,32,44) (S None,45,33) (S 62,34,46) (S 96,47,48) (S 47,26,27) (D 0,1,1) 
 0 1 11 1457 4417 6 (D 0,1,1) (S None,22,14) (S None,14,5) (S None,6,5) (S 21,9,16) (D 0,1,1) 
 0 1 12 1456 3335 7 (D 0,1,1) (S 41,22,36) (S 7,35,35) (S 82,48,49) (S 10,50,50) (S 97,49,50) (D 0,1,1) 
 0 1 13 1425 3245 7 (D 0,1,1) (S 79,43,44) (S 9,45,45) (S None,45,46) (S None,49,37) (S 70,38,50) (D 0,1,1) 
 0 1 14 1466 4777 7 (D 0,1,1) (S 4,29,29) (S 42,23,24) (S 3,25,25) (S 94,40,26) (S 98,50,49) (D 0,1,1) 
 0 1 15 1378 3527 4 (D 0,1,1) (S 43,23,36) (S 64,36,37) (D 0,1,1) 
 0 1 16 1379 4611 6 (D 0,1,1) (S 1,6,6) (S None,7,6) (S 20,7,25) (S 71,38,51) (D 0,1,1) 
 0 1 17 1276 3434 5 (D 0,1,1) (S 8,39,39) (S None,40,27) (S 48,26,39) (D 0,1,1) 
 0 1 18 1323 4085 5 (D 0,1,1) (S 31,16,28) (S None,41,28) (S None,41,40) (D 0,1,1) 
 0 1 19 1398 3704 6 (D 0,1,1) (S 44,24,37) (S None,38,24) (S 46,25,38) (S None,51,50) (D 0,1,1) 
 0 1 20 1244 3987 6 (D 0,1,1) (S 49,27,28) (S 77,41,53) (S None,52,40) (S None,53,40) (D 0,1,1) 
 0 1 21 1459 4269 5 (D 0,1,1) (S 66,36,49) (S 69,38,39) (S None,40,39) (D 0,1,1) 
 0 1 22 1348 4491 5 (D 0,1,1) (S 73,39,51) (S 84,51,52) (S None,8,9) (D 0,1,1) 
 0 1 23 346 2363 3 (D 0,1,1) (S 86,7,8) (D 0,1,1) 
