446
10
2208250
1457000
 0 1 1 27 60 10 (D 0,1,1) (S 1,2,2) (S 7,12,12) (S 36,2,1) (S 26,12,19) (S 20,1,17) (S 25,16,17) (S 8,13,13) (S 32,5,9) (D 0,1,1) 
 0 1 2 26 50 6 (D 0,1,1) (S 3,4,4) (S 23,4,6) (S None,10,4) (S None,26,25) (D 0,1,1) 
 0 1 3 26 45 7 (D 0,1,1) (S 28,3,4) (S None,19,1) (S 15,24,24) (S 38,8,24) (S 14,23,23) (D 0,1,1) 
 0 1 4 27 38 6 (D 0,1,1) (S None,24,23) (S 27,26,27) (S 6,8,8) (S 30,3,6) (D 0,1,1) 
 0 1 5 26 41 6 (D 0,1,1) (S 2,3,3) (S 31,6,8) (S 16,27,27) (S None,22,21) (D 0,1,1) 
 0 1 6 27 15 4 (D 0,1,1) (S 4,5,5) (S 5,6,6) (D 0,1,1) 
 0 1 7 26 60 6 (D 0,1,1) (S 10,15,15) (S 35,13,15) (S None,17,15) (S 18,14,21) (D 0,1,1) 
 0 1 8 24 53 5 (D 0,1,1) (S 39,10,11) (S 17,7,11) (S 9,14,14) (D 0,1,1) 
 0 1 9 27 49 6 (D 0,1,1) (S None,23,22) (S None,21,18) (S 40,14,20) (S None,25,18) (D 0,1,1) 
 0 1 10 22 35 5 (D 0,1,1) (S 11,20,20) (S 12,21,21) (S 13,22,22) (D 0,1,1) 
