1036
9
8085500
5431500
 0 1 1 75 96 16 (D 0,1,1) (S 1,2,2) (S 83,3,2) (S 2,3,3) (S 70,2,8) (S None,7,8) (S 5,7,7) (S 38,8,9) (S 36,3,9) (S None,3,4) (S None,5,4) (S 34,5,6) (S 68,12,11) (S 13,17,17) (S 63,11,12) (D 0,1,1) 
 0 1 2 75 61 9 (D 0,1,1) (S 7,9,9) (S 39,9,10) (S None,15,14) (S None,24,14) (S 18,24,24) (S 69,23,14) (S 6,8,8) (D 0,1,1) 
 0 1 3 75 142 12 (D 0,1,1) (S 44,13,7) (S None,7,1) (S 56,14,13) (S 17,23,23) (S 22,29,29) (S 77,29,34) (S 62,35,39) (S None,40,39) (S 31,40,40) (S 58,41,40) (D 0,1,1) 
 0 1 4 75 112 15 (D 0,1,1) (S 56,14,13) (S 10,13,13) (S 19,25,25) (S 50,26,19) (S 47,16,15) (S 8,10,10) (S 66,15,10) (S 66,15,10) (S 11,15,15) (S 47,16,15) (S 52,16,19) (S 15,19,19) (S 81,19,26) (D 0,1,1) 
 0 1 5 75 108 10 (D 0,1,1) (S 3,4,4) (S 9,11,11) (S 54,17,20) (S 12,16,16) (S None,16,11) (S 16,20,20) (S 42,20,21) (S None,22,21) (D 0,1,1) 
 0 1 6 75 170 12 (D 0,1,1) (S 57,12,6) (S 4,6,6) (S 14,18,18) (S 71,22,28) (S 71,22,28) (S 61,28,27) (S 25,32,32) (S 74,27,26) (S 73,25,26) (S 60,32,36) (D 0,1,1) 
 0 1 7 74 166 14 (D 0,1,1) (S 20,26,26) (S 60,32,36) (S None,40,36) (S 76,40,41) (S 51,39,35) (S 79,34,35) (S 79,34,35) (S 26,34,34) (S 72,35,36) (S 53,37,33) (S None,27,33) (S None,36,37) (D 0,1,1) 
 0 1 8 65 117 9 (D 0,1,1) (S 21,27,27) (S 27,36,36) (S 28,37,37) (S 32,41,41) (S 30,39,39) (S 59,38,34) (S 29,38,38) (D 0,1,1) 
 0 1 9 38 64 4 (D 0,1,1) (S 23,30,30) (S 24,31,31) (D 0,1,1) 
