61615
26
26645250
23968750
 0 1 1 1564 2086 12 (D 0,1,1) (S 38,2,1) (S 54,11,2) (S None,2,3) (S 41,4,13) (S None,21,20) (S None,19,12) (S 41,4,13) (S None,14,13) (S 60,14,21) (S 129,42,43) (D 0,1,1) 
 0 1 2 1562 1805 10 (D 0,1,1) (S 54,11,2) (S None,4,5) (S None,14,5) (S None,14,15) (S None,22,21) (S 75,20,29) (S None,39,28) (S None,12,13) (D 0,1,1) 
 0 1 3 1569 2152 9 (D 0,1,1) (S None,6,5) (S 60,14,21) (S 75,20,29) (S None,29,39) (S None,39,38) (S None,28,19) (S 65,16,17) (D 0,1,1) 
 0 1 4 1575 2077 9 (D 0,1,1) (S 7,12,12) (S 8,13,13) (S 10,19,19) (S 6,11,11) (S None,11,27) (S 111,35,36) (S 153,52,53) (D 0,1,1) 
 0 1 5 1568 3511 11 (D 0,1,1) (S 37,1,10) (S None,27,26) (S 52,10,1) (S 55,11,10) (S 90,26,10) (S 92,26,35) (S 112,35,44) (S 115,36,37) (S 134,46,45) (D 0,1,1) 
 0 1 6 1577 2608 10 (D 0,1,1) (S 55,11,10) (S 92,26,35) (S None,44,36) (S 117,37,27) (S None,27,36) (S 136,47,38) (S 96,28,29) (S None,38,28) (D 0,1,1) 
 0 1 7 1560 2915 10 (D 0,1,1) (S 12,27,27) (S 16,36,36) (S 117,37,27) (S 111,35,36) (S 118,37,36) (S 138,47,48) (S 144,49,40) (S 160,55,65) (D 0,1,1) 
 0 1 8 1575 2353 7 (D 0,1,1) (S None,28,27) (S 5,10,10) (S 112,35,44) (S 29,59,59) (S None,57,58) (D 0,1,1) 
 0 1 9 1564 2417 12 (D 0,1,1) (S 61,15,6) (S 48,7,16) (S 61,15,6) (S 48,7,16) (S None,16,15) (S 79,22,31) (S None,32,23) (S None,16,24) (S 70,18,17) (S 72,18,25) (D 0,1,1) 
 0 1 10 1570 2464 8 (D 0,1,1) (S 78,21,30) (S None,30,31) (S None,32,24) (S None,24,18) (S 51,9,8) (S 181,66,65) (D 0,1,1) 
 0 1 11 1562 1882 9 (D 0,1,1) (S 78,21,30) (S None,30,29) (S None,40,39) (S 120,38,47) (S 32,62,62) (S None,46,47) (S 172,62,61) (D 0,1,1) 
 0 1 12 1549 1371 8 (D 0,1,1) (S 11,23,23) (S None,23,24) (S 70,18,17) (S None,17,24) (S 72,18,25) (S None,43,34) (D 0,1,1) 
 0 1 13 1565 2806 9 (D 0,1,1) (S None,23,16) (S 89,25,24) (S 4,9,9) (S 51,9,8) (S 46,7,6) (S 47,7,8) (S 149,51,52) (D 0,1,1) 
 0 1 14 1556 2080 11 (D 0,1,1) (S None,33,24) (S 65,16,17) (S 87,24,34) (S 105,33,32) (S None,32,41) (S 148,51,41) (S 150,51,56) (S 27,57,57) (S 184,67,66) (D 0,1,1) 
 0 1 15 1570 3087 11 (D 0,1,1) (S 89,25,24) (S 67,17,8) (S 2,7,7) (S 50,8,17) (S 87,24,34) (S None,34,33) (S 128,42,41) (S None,42,52) (S 158,55,54) (D 0,1,1) 
 0 1 16 1565 2584 10 (D 0,1,1) (S 9,16,16) (S 126,41,42) (S 149,51,52) (S 164,57,56) (S None,57,67) (S 182,66,67) (S 180,66,56) (S 28,58,58) (D 0,1,1) 
 0 1 17 1555 1707 7 (D 0,1,1) (S None,33,42) (S 20,43,43) (S None,25,34) (S 19,42,42) (S 130,43,53) (D 0,1,1) 
 0 1 18 1571 1403 7 (D 0,1,1) (S 25,51,51) (S 24,50,50) (S None,51,30) (S 14,29,29) (S 123,39,48) (D 0,1,1) 
 0 1 19 1571 2857 11 (D 0,1,1) (S 150,51,56) (S 35,67,67) (S 180,66,56) (S None,68,58) (S 154,53,43) (S 185,67,68) (S 181,66,65) (S 175,64,54) (S 160,55,65) (D 0,1,1) 
 0 1 20 1539 3189 10 (D 0,1,1) (S 1,6,6) (S 3,8,8) (S 146,50,49) (S None,49,48) (S 138,47,48) (S 146,50,49) (S 22,48,48) (S 172,62,61) (D 0,1,1) 
 0 1 21 1571 2273 8 (D 0,1,1) (S None,55,50) (S 15,30,30) (S 96,28,29) (S 124,39,49) (S 156,54,55) (S 170,61,60) (D 0,1,1) 
 0 1 22 1485 1839 9 (D 0,1,1) (S 17,37,37) (S 21,46,46) (S 134,46,45) (S None,45,44) (S 167,59,60) (S None,61,46) (S 173,62,63) (D 0,1,1) 
 0 1 23 1537 3003 8 (D 0,1,1) (S 26,56,56) (S None,65,64) (S None,49,54) (S 159,55,56) (S 175,64,54) (S 36,68,68) (D 0,1,1) 
 0 1 24 1475 2183 7 (D 0,1,1) (S 162,56,55) (S 23,49,49) (S 139,48,39) (S 13,28,28) (S 167,59,60) (D 0,1,1) 
 0 1 25 1525 2700 7 (D 0,1,1) (S 124,39,49) (S 142,48,63) (S 34,64,64) (S None,63,64) (S 31,61,61) (D 0,1,1) 
 0 1 26 1520 2263 7 (D 0,1,1) (S 18,39,39) (S 173,62,63) (S None,45,60) (S 30,60,60) (S 33,63,63) (D 0,1,1) 
