933
8
3128249
2190249
 0 1 1 40 88 9 (D 0,1,1) (S 1,3,3) (S None,4,2) (S 43,1,3) (S 17,4,5) (S 48,11,5) (S 48,11,5) (S 20,11,15) (D 0,1,1) 
 0 1 2 40 131 10 (D 0,1,1) (S 24,3,9) (S 29,3,1) (S 24,3,9) (S 28,19,9) (S 28,19,9) (S 21,1,2) (S 6,15,15) (S 36,21,15) (D 0,1,1) 
 0 1 3 40 85 6 (D 0,1,1) (S 15,9,10) (S 4,11,11) (S 19,5,10) (S None,11,10) (D 0,1,1) 
 0 1 4 39 79 6 (D 0,1,1) (S 9,19,19) (S 11,22,22) (S 34,23,22) (S 46,23,20) (D 0,1,1) 
 0 1 5 40 169 9 (D 0,1,1) (S 47,12,11) (S 33,15,16) (S 33,15,16) (S None,21,20) (S 27,23,24) (S 32,21,24) (S None,18,14) (D 0,1,1) 
 0 1 6 40 130 8 (D 0,1,1) (S 40,10,20) (S 40,10,20) (S 10,20,20) (S 32,21,24) (S 12,24,24) (S 16,16,17) (D 0,1,1) 
 0 1 7 40 147 10 (D 0,1,1) (S 25,16,12) (S None,13,12) (S 23,13,17) (S 23,13,17) (S 38,14,13) (S 7,17,17) (S 8,18,18) (S 3,7,7) (D 0,1,1) 
 0 1 8 31 104 6 (D 0,1,1) (S 5,12,12) (S 2,6,6) (S None,7,8) (S 22,8,14) (D 0,1,1) 
