1467
10
9603500
7758749
 0 1 1 75 113 14 (D 0,1,1) (S 3,6,6) (S 40,1,5) (S 57,11,12) (S 114,13,6) (S 90,2,1) (S None,6,5) (S None,11,5) (S 6,11,11) (S 100,6,12) (S 85,13,7) (S 111,8,7) (S 119,8,9) (D 0,1,1) 
 0 1 2 75 102 16 (D 0,1,1) (S None,6,7) (S 36,8,14) (S 31,15,16) (S 41,9,15) (S 9,14,14) (S 46,15,23) (S None,22,14) (S 8,13,13) (S 83,12,13) (S 83,12,13) (S 7,12,12) (S 85,13,7) (S 119,8,9) (S 64,9,16) (D 0,1,1) 
 0 1 3 75 150 15 (D 0,1,1) (S 4,7,7) (S 5,9,9) (S 117,16,9) (S 32,16,17) (S 118,10,17) (S 118,10,17) (S 26,25,28) (S 70,24,32) (S 56,31,23) (S None,22,21) (S 29,12,20) (S None,19,18) (S 65,26,30) (D 0,1,1) 
 0 1 4 75 142 15 (D 0,1,1) (S None,7,2) (S None,3,2) (S 1,3,3) (S 110,16,24) (S 79,23,24) (S 13,24,24) (S 12,23,23) (S 11,22,22) (S 51,21,27) (S 86,30,26) (S 106,30,34) (S 106,30,34) (S 88,40,47) (D 0,1,1) 
 0 1 5 75 178 12 (D 0,1,1) (S None,21,20) (S None,19,11) (S 60,5,18) (S 47,19,20) (S 78,19,26) (S 112,20,30) (S 14,26,26) (S 99,18,29) (S 44,33,34) (S 62,41,48) (D 0,1,1) 
 0 1 6 74 168 18 (D 0,1,1) (S 105,23,31) (S 92,32,31) (S 92,32,31) (S 35,32,37) (S 21,43,43) (S 77,31,37) (S None,43,38) (S 71,28,32) (S 16,31,31) (S 87,32,38) (S 101,28,38) (S 101,28,38) (S 61,45,43) (S 18,37,37) (S 96,43,45) (S None,44,42) (D 0,1,1) 
 0 1 7 75 135 15 (D 0,1,1) (S 15,27,27) (S 25,26,34) (S 45,34,40) (S 109,47,40) (S 23,47,47) (S 53,40,41) (S 69,48,41) (S 89,48,49) (S 104,35,41) (S 89,48,49) (S 66,41,49) (S 72,42,41) (S 94,49,41) (D 0,1,1) 
 0 1 8 74 161 13 (D 0,1,1) (S 37,27,35) (S 59,35,34) (S 67,26,18) (S 67,26,18) (S 30,29,33) (S 20,39,39) (S 17,33,33) (S None,47,46) (S None,46,33) (S None,49,44) (S 91,42,36) (D 0,1,1) 
 0 1 9 74 184 15 (D 0,1,1) (S 49,27,36) (S 68,43,42) (S 22,44,44) (S 91,42,36) (S 42,44,50) (S None,43,50) (S 74,45,50) (S 81,45,38) (S 74,45,50) (S 76,37,36) (S 48,35,36) (S 55,49,50) (S 19,38,38) (D 0,1,1) 
 0 1 10 32 134 6 (D 0,1,1) (S 43,3,4) (S 10,17,17) (S 116,37,38) (S 2,4,4) (D 0,1,1) 
