250
10
2308249
1757749
 0 1 1 27 24 8 (D 0,1,1) (S 2,3,3) (S 34,3,11) (S 10,3,9) (S None,7,5) (S 26,1,3) (S 46,3,6) (D 0,1,1) 
 0 1 2 27 37 9 (D 0,1,1) (S 24,3,8) (S 13,1,11) (S None,3,2) (S 21,4,9) (S 35,7,11) (S 31,3,5) (S 23,4,6) (D 0,1,1) 
 0 1 3 27 23 7 (D 0,1,1) (S 5,6,6) (S 15,2,9) (S 6,7,7) (S 20,5,6) (S 27,4,5) (D 0,1,1) 
 0 1 4 27 26 6 (D 0,1,1) (S 8,9,9) (S None,7,6) (S 17,2,10) (S 42,4,7) (D 0,1,1) 
 0 1 5 27 27 7 (D 0,1,1) (S 9,10,10) (S None,10,4) (S None,9,8) (S 41,1,4) (S 36,6,10) (D 0,1,1) 
 0 1 6 27 29 6 (D 0,1,1) (S 12,6,8) (S None,6,1) (S 19,10,11) (S None,11,2) (D 0,1,1) 
 0 1 7 26 21 7 (D 0,1,1) (S 28,6,9) (S None,7,2) (S None,11,4) (S None,6,2) (S 3,4,4) (D 0,1,1) 
 0 1 8 27 33 7 (D 0,1,1) (S None,10,9) (S None,7,1) (S 40,8,11) (S None,2,1) (S 14,5,8) (D 0,1,1) 
 0 1 9 26 20 6 (D 0,1,1) (S 43,5,9) (S 4,5,5) (S None,5,1) (S 7,8,8) (D 0,1,1) 
 0 1 10 25 10 4 (D 0,1,1) (S 1,2,2) (S 38,1,8) (D 0,1,1) 
