183
10
2359749
1720250
 0 1 1 27 14 8 (D 0,1,1) (S 2,3,3) (S 9,11,11) (S 10,3,11) (S 29,3,6) (S 31,4,5) (S 37,1,3) (D 0,1,1) 
 0 1 2 27 5 4 (D 0,1,1) (S 3,4,4) (S 27,6,11) (D 0,1,1) 
 0 1 3 27 11 5 (D 0,1,1) (S 8,9,9) (S 21,7,11) (S None,7,3) (D 0,1,1) 
 0 1 4 27 35 7 (D 0,1,1) (S None,3,2) (S 14,4,10) (S 18,3,4) (S 32,5,9) (S 39,7,10) (D 0,1,1) 
 0 1 5 27 23 7 (D 0,1,1) (S 26,3,8) (S 6,7,7) (S 28,10,11) (S 34,1,9) (S 33,6,9) (D 0,1,1) 
 0 1 6 25 35 9 (D 0,1,1) (S 36,4,6) (S 38,4,9) (S None,7,6) (S 13,2,5) (S 4,5,5) (S 16,5,6) (S 11,1,8) (D 0,1,1) 
 0 1 7 27 11 4 (D 0,1,1) (S 1,2,2) (S 19,5,8) (D 0,1,1) 
 0 1 8 27 9 4 (D 0,1,1) (S 5,6,6) (S None,2,1) (S None,10,1) 
 0 1 9 27 21 5 (D 0,1,1) (S None,5,1) (S None,6,1) (S 30,5,10) (S None,7,1) 
 0 1 10 25 19 4 (D 0,1,1) (S None,10,8) (S 7,8,8) (D 0,1,1) 
