632
6
592500
326249
 0 1 1 5 71 7 (D 0,1,1) (S 6,12,12) (S 23,1,12) (S None,6,12) (S None,6,5) (S None,3,2) (D 0,1,1) 
 0 1 2 5 114 7 (D 0,1,1) (S None,12,5) (S None,3,5) (S 24,3,4) (S None,2,1) (S None,12,7) (D 0,1,1) 
 0 1 3 5 87 7 (D 0,1,1) (S 20,1,4) (S 4,2,2) (S None,9,2) (S 17,9,10) (S None,8,7) (D 0,1,1) 
 0 1 4 5 104 7 (D 0,1,1) (S 21,1,7) (S None,6,7) (S 7,7,7) (S 28,8,10) (S 16,8,11) (D 0,1,1) 
 0 1 5 5 129 7 (D 0,1,1) (S 22,1,10) (S 3,10,10) (S 18,10,11) (S 29,9,11) (S 9,2,4) (D 0,1,1) 
 0 1 6 4 127 6 (D 0,1,1) (S 12,5,11) (S 5,11,11) (S 1,4,4) (S 2,3,3) (D 0,1,1) 
