350
7
766750
502249
 0 1 1 40 34 6 (D 0,1,1) (S 3,4,4) (S 4,5,5) (S 9,4,3) (S None,2,4) (D 0,1,1) 
 0 1 2 40 68 7 (D 0,1,1) (S 12,4,1) (S 2,3,3) (S 10,2,8) (S None,9,6) (S 6,7,7) (D 0,1,1) 
 0 1 3 40 64 6 (D 0,1,1) (S 13,3,6) (S 16,3,1) (S None,5,1) (S 20,5,7) (D 0,1,1) 
 0 1 4 40 42 4 (D 0,1,1) (S 1,2,2) (S 11,7,8) (D 0,1,1) 
 0 1 5 38 54 6 (D 0,1,1) (S 7,9,9) (S 5,6,6) (S 14,9,10) (S 19,8,9) (D 0,1,1) 
 0 1 6 35 48 4 (D 0,1,1) (S 18,8,10) (S 15,7,10) (S None,7,1) 
 0 1 7 12 40 3 (D 0,1,1) (S 22,1,8) (D 0,1,1) 
