497
7
746749
411250
 0 1 1 35 108 6 (D 0,1,1) (S 11,5,10) (S None,5,4) (S 16,4,10) (S 21,1,5) (D 0,1,1) 
 0 1 2 35 108 7 (D 0,1,1) (S 1,2,2) (S 15,2,8) (S None,9,8) (S None,13,11) (S None,6,3) (D 0,1,1) 
 0 1 3 35 74 6 (D 0,1,1) (S 12,2,3) (S None,6,2) (S 6,8,8) (S 7,9,9) (D 0,1,1) 
 0 1 4 33 76 6 (D 0,1,1) (S 2,3,3) (S 4,6,6) (S 18,6,12) (S 5,7,7) (D 0,1,1) 
 0 1 5 31 20 3 (D 0,1,1) (S 3,4,4) (D 0,1,1) 
 0 1 6 29 67 4 (D 0,1,1) (S 8,10,10) (S 9,11,11) (D 0,1,1) 
 0 1 7 14 44 3 (D 0,1,1) (S 10,12,12) (D 0,1,1) 
