3674
7
14117250
7859500
 0 1 1 199 566 28 (D 0,1,1) (S 18,2,2) (S 31,1,2) (S 31,1,2) (S 32,1,6) (S 115,12,6) (S 115,12,6) (S 123,12,11) (S 124,16,11) (S 124,16,11) (S 122,16,10) (S 117,9,8) (S 33,1,8) (S 34,1,10) (S 117,9,8) (S 35,1,11) (S 122,16,10) (S 54,9,10) (S 54,9,10) (S 55,9,15) (S 118,14,8) (S 36,1,33) (S 157,34,33) (S 157,34,33) (S 92,34,35) (S 3,28,28) (S 24,35,35) (D 0,1,1) 
 0 1 2 199 510 27 (D 0,1,1) (S 39,2,3) (S 114,7,6) (S 123,12,11) (S 131,16,15) (S 118,14,8) (S 37,1,35) (S 92,34,35) (S 16,34,34) (S 102,33,1) (S 40,2,6) (S 26,12,12) (S 106,6,2) (S 38,1,40) (S 99,8,1) (S 41,2,36) (S 84,29,36) (S 84,29,36) (S 27,29,29) (S 107,36,2) (S 32,1,6) (S 59,12,13) (S 114,7,6) (S 60,12,17) (S 116,13,7) (S 116,13,7) (D 0,1,1) 
 0 1 3 200 482 27 (D 0,1,1) (S 39,2,3) (S 109,7,3) (S 109,7,3) (S 5,7,7) (S 125,13,12) (S 10,6,6) (S 60,12,17) (S 13,13,13) (S 128,18,13) (S 128,18,13) (S 132,18,17) (S 61,13,17) (S 63,13,19) (S 61,13,17) (S 63,13,19) (S 132,18,17) (S 9,18,18) (S 17,17,17) (S 68,18,19) (S 69,18,22) (S 140,25,22) (S 140,25,22) (S 12,25,25) (S 135,22,18) (S 67,17,20) (D 0,1,1) 
 0 1 4 198 496 21 (D 0,1,1) (S 34,1,10) (S 55,9,15) (S 131,16,15) (S 7,14,14) (S 130,15,14) (S 130,15,14) (S 11,15,15) (S 6,10,10) (S 35,1,11) (S 37,1,35) (S 145,34,26) (S 81,27,34) (S 23,33,33) (S 145,34,26) (S 81,27,34) (S 144,33,26) (S 143,27,26) (S 143,27,26) (S 22,3,3) (D 0,1,1) 
 0 1 5 199 537 25 (D 0,1,1) (S 38,1,40) (S 21,8,8) (S 119,40,8) (S 119,40,8) (S 144,33,26) (S 15,27,27) (S 82,28,35) (S 159,36,35) (S 159,36,35) (S 94,36,37) (S 112,38,4) (S 42,3,4) (S 44,3,37) (S 112,38,4) (S 42,3,4) (S 44,3,37) (S 161,38,37) (S 161,38,37) (S 155,38,31) (S 160,37,36) (S 83,29,30) (S 25,37,37) (S 30,4,4) (D 0,1,1) 
 0 1 6 199 540 28 (D 0,1,1) (S 14,11,11) (S 67,17,20) (S 136,21,20) (S 136,21,20) (S 4,21,21) (S 28,20,20) (S 72,21,22) (S 142,25,24) (S 142,25,24) (S 137,23,20) (S 73,21,24) (S 137,23,20) (S 72,21,22) (S 73,21,24) (S 75,23,24) (S 75,23,24) (S 1,22,22) (S 68,18,19) (S 45,4,5) (S 162,39,38) (S 152,37,30) (S 154,37,31) (S 152,37,30) (S 154,37,31) (S 149,30,29) (S 45,4,5) (D 0,1,1) 
 0 1 7 178 543 20 (D 0,1,1) (S 148,35,28) (S 80,27,28) (S 80,27,28) (S 155,38,31) (S 96,38,39) (S 2,5,5) (S 113,39,5) (S 113,39,5) (S 29,39,39) (S 153,32,31) (S 8,30,30) (S 151,31,30) (S 151,31,30) (S 87,31,32) (S 156,39,32) (S 156,39,32) (S 20,32,32) (S 19,19,19) (D 0,1,1) 
