1088
10
16446749
12890999
 0 1 1 70 76 14 (D 0,1,1) (S 3,5,5) (S 1,2,2) (S 109,5,6) (S 108,10,11) (S 97,12,11) (S 97,12,11) (S 91,12,7) (S 74,6,5) (S 72,10,17) (S None,18,11) (S 91,12,7) (S 4,6,6) (D 0,1,1) 
 0 1 2 70 63 14 (D 0,1,1) (S 46,9,14) (S 60,9,1) (S 76,9,13) (S 12,21,21) (S 6,13,13) (S None,21,20) (S 59,25,26) (S 59,25,26) (S 16,25,25) (S 81,33,25) (S 21,33,33) (S None,34,26) (D 0,1,1) 
 0 1 3 70 111 16 (D 0,1,1) (S 60,9,1) (S 87,8,9) (S 53,14,15) (S None,23,15) (S 14,23,23) (S 8,15,15) (S None,23,14) (S 58,22,14) (S None,22,13) (S None,13,8) (S 52,26,27) (S 47,28,29) (S 90,23,29) (S 107,23,24) (D 0,1,1) 
 0 1 4 70 123 19 (D 0,1,1) (S 38,15,24) (S 90,23,29) (S 107,23,24) (S 18,29,29) (S 100,15,16) (S 36,17,24) (S 49,29,30) (S 77,39,30) (S 99,39,38) (S 102,37,29) (S None,24,29) (S 15,24,24) (S 79,30,24) (S 57,30,17) (S 11,18,18) (S 19,30,30) (S 111,39,31) (D 0,1,1) 
 0 1 5 70 138 12 (D 0,1,1) (S 105,1,10) (S 5,11,11) (S 32,12,19) (S 114,32,19) (S 114,32,19) (S 112,32,31) (S 112,32,31) (S 54,32,40) (S None,31,17) (S 34,30,38) (D 0,1,1) 
 0 1 6 70 129 18 (D 0,1,1) (S 7,14,14) (S 13,22,22) (S 83,20,25) (S 83,20,25) (S 106,34,35) (S None,36,28) (S 101,27,28) (S 101,27,28) (S 113,27,35) (S 115,36,38) (S 23,37,37) (S 24,38,38) (S 64,44,37) (S 110,38,36) (S None,36,35) (S 27,43,43) (D 0,1,1) 
 0 1 7 69 102 10 (D 0,1,1) (S 9,16,16) (S 10,17,17) (S 96,17,30) (S 25,39,39) (S 20,31,31) (S None,39,47) (S 89,39,40) (S 62,47,40) (D 0,1,1) 
 0 1 8 70 143 14 (D 0,1,1) (S None,16,1) (S 2,3,3) (S 86,4,3) (S 86,4,3) (S 42,4,7) (S None,6,3) (S 17,28,28) (S 33,38,46) (S None,50,46) (S 65,45,44) (S 56,43,35) (S 56,43,35) (D 0,1,1) 
 0 1 9 70 136 12 (D 0,1,1) (S 44,36,44) (S None,43,44) (S 104,43,48) (S 30,49,49) (S 31,50,50) (S 63,49,48) (S 63,49,48) (S 67,46,45) (S 28,45,45) (S 35,45,48) (D 0,1,1) 
 0 1 10 25 67 6 (D 0,1,1) (S 22,34,34) (S None,42,41) (S 26,42,42) (S 29,48,48) (D 0,1,1) 
