222
11
2217250
1521500
 0 1 1 27 28 9 (D 0,1,1) (S 2,3,3) (S 16,5,8) (S 41,1,3) (S 29,5,11) (S 21,1,10) (S 15,3,8) (S 18,5,7) (D 0,1,1) 
 0 1 2 27 26 8 (D 0,1,1) (S 7,8,8) (S 33,1,4) (S None,9,8) (S None,2,1) (S None,11,7) (S 26,7,10) (D 0,1,1) 
 0 1 3 27 21 6 (D 0,1,1) (S 9,11,11) (S None,5,1) (S None,11,10) (S None,10,3) (D 0,1,1) 
 0 1 4 27 29 7 (D 0,1,1) (S None,10,8) (S None,3,2) (S 30,3,4) (S 4,5,5) (S 28,4,9) (D 0,1,1) 
 0 1 5 26 24 7 (D 0,1,1) (S None,8,2) (S None,8,4) (S 8,9,9) (S None,7,3) (S None,5,4) (D 0,1,1) 
 0 1 6 26 33 8 (D 0,1,1) (S None,11,4) (S 10,5,10) (S None,6,5) (S 42,8,11) (S 27,2,7) (S None,10,6) (D 0,1,1) 
 0 1 7 26 21 6 (D 0,1,1) (S 6,7,7) (S None,10,9) (S None,9,7) (S 43,6,9) (D 0,1,1) 
 0 1 8 23 4 3 (D 0,1,1) (S 1,2,2) (D 0,1,1) 
 0 1 9 24 5 3 (D 0,1,1) (S 5,6,6) (D 0,1,1) 
 0 1 10 26 26 6 (D 0,1,1) (S None,10,4) (S None,4,2) (S None,6,2) (S 44,2,10) (D 0,1,1) 
 0 1 11 7 5 3 (D 0,1,1) (S 3,4,4) (D 0,1,1) 
