1193
10
16714500
12438249
 0 1 1 70 134 19 (D 0,1,1) (S 6,9,9) (S None,14,9) (S 35,14,15) (S None,23,14) (S 64,8,9) (S 69,14,22) (S None,21,20) (S 104,25,26) (S 104,25,26) (S 120,25,20) (S 120,25,20) (S 65,25,33) (S None,34,26) (S 65,25,33) (S 22,34,34) (S 73,27,35) (S 101,36,38) (D 0,1,1) 
 0 1 2 70 135 22 (D 0,1,1) (S 97,9,1) (S 97,9,1) (S None,9,13) (S 50,21,26) (S 108,27,28) (S 103,23,15) (S 103,23,15) (S 14,23,23) (S 118,29,23) (S 118,29,23) (S 17,29,29) (S 90,30,17) (S None,18,17) (S 62,18,19) (S 122,12,11) (S 122,12,11) (S 9,12,12) (S 121,7,12) (S 111,10,11) (S 43,12,19) (D 0,1,1) 
 0 1 3 70 99 14 (D 0,1,1) (S 7,10,10) (S 68,17,10) (S 96,16,17) (S None,10,5) (S 1,2,2) (S 4,5,5) (S None,2,3) (S None,4,3) (S 3,4,4) (S 2,3,3) (S 100,6,5) (S 66,28,27) (D 0,1,1) 
 0 1 4 70 135 16 (D 0,1,1) (S 11,16,16) (S 109,1,5) (S 113,1,16) (S 38,1,15) (S None,23,22) (S 54,21,22) (S 10,13,13) (S 67,13,22) (S 67,13,22) (S 117,13,8) (S 117,13,8) (S 13,22,22) (S 61,23,24) (S 15,24,24) (D 0,1,1) 
 0 1 5 70 123 17 (D 0,1,1) (S 79,16,15) (S 61,23,24) (S 90,30,17) (S 19,31,31) (S 77,32,19) (S 77,32,19) (S 20,32,32) (S 83,31,39) (S 18,30,30) (S None,29,28) (S 80,29,24) (S 80,29,24) (S 105,29,37) (S None,38,30) (S None,30,39) (D 0,1,1) 
 0 1 6 69 107 12 (D 0,1,1) (S 79,16,15) (S 105,29,37) (S 25,38,38) (S None,36,28) (S 89,28,22) (S 16,26,26) (S 21,33,33) (S 47,34,42) (S 55,41,42) (S None,43,42) (D 0,1,1) 
 0 1 7 67 90 13 (D 0,1,1) (S 112,5,6) (S 8,11,11) (S 87,6,11) (S 87,6,11) (S 5,6,6) (S 12,17,17) (S 83,31,39) (S 56,38,46) (S 76,45,44) (S 24,37,37) (S None,24,15) (D 0,1,1) 
 0 1 8 67 111 10 (D 0,1,1) (S 51,17,24) (S 26,39,39) (S 41,36,44) (S 27,43,43) (S 58,44,43) (S 58,44,43) (S 28,44,44) (S 102,43,48) (D 0,1,1) 
 0 1 9 69 165 13 (D 0,1,1) (S 98,39,40) (S 52,32,40) (S 81,47,40) (S 29,47,47) (S 23,35,35) (S 30,48,48) (S None,49,48) (S 82,49,50) (S 32,46,50) (S 107,46,45) (S 82,49,50) (D 0,1,1) 
 0 1 10 32 94 6 (D 0,1,1) (S None,48,45) (S None,49,45) (S 31,49,49) (S 57,45,50) (D 0,1,1) 
