1111
9
7402999
6097000
 0 1 1 75 103 9 (D 0,1,1) (S 4,6,6) (S None,1,7) (S None,13,2) (S 32,6,12) (S 11,13,13) (S None,12,18) (S 56,29,25) (D 0,1,1) 
 0 1 2 75 127 11 (D 0,1,1) (S None,6,7) (S 29,13,14) (S 73,2,8) (S 12,14,14) (S 6,8,8) (S 35,14,15) (S 75,8,9) (S 13,15,15) (S 58,20,26) (D 0,1,1) 
 0 1 3 74 120 12 (D 0,1,1) (S 5,7,7) (S 39,13,19) (S None,25,19) (S 57,20,14) (S None,20,19) (S 16,20,20) (S 52,26,20) (S None,26,25) (S 25,30,30) (S 55,29,18) (D 0,1,1) 
 0 1 4 75 121 11 (D 0,1,1) (S 1,2,2) (S 10,12,12) (S 28,12,19) (S 68,25,30) (S 24,29,29) (S 68,25,30) (S 20,25,25) (S 47,19,18) (S 15,18,18) (D 0,1,1) 
 0 1 5 74 148 14 (D 0,1,1) (S 21,26,26) (S 22,27,27) (S 69,32,31) (S 69,32,31) (S 26,32,32) (S None,27,21) (S 40,22,23) (S 72,22,28) (S None,34,33) (S 46,34,28) (S 46,34,28) (S 27,34,34) (D 0,1,1) 
 0 1 6 74 144 11 (D 0,1,1) (S None,15,21) (S 61,15,9) (S 2,3,3) (S None,10,9) (S None,3,10) (S 74,16,23) (S 18,23,23) (S 31,23,28) (S None,34,24) (D 0,1,1) 
 0 1 7 74 122 12 (D 0,1,1) (S 7,9,9) (S 67,3,4) (S 8,10,10) (S 14,16,16) (S 44,10,11) (S 71,5,4) (S 44,10,11) (S 70,5,11) (S 70,5,11) (S 9,11,11) (D 0,1,1) 
 0 1 8 68 140 10 (D 0,1,1) (S 17,21,21) (S 38,28,33) (S 50,32,33) (S 50,32,33) (S 23,28,28) (S 19,24,24) (S 54,17,24) (S 62,17,11) (D 0,1,1) 
 0 1 9 25 86 4 (D 0,1,1) (S 3,4,4) (S 30,4,11) (D 0,1,1) 
