992
9
6235249
4932500
 0 1 1 75 94 10 (D 0,1,1) (S 5,6,6) (S None,1,6) (S 51,1,7) (S 67,13,7) (S 10,13,13) (S 11,14,14) (S 63,20,14) (S 32,22,23) (D 0,1,1) 
 0 1 2 73 93 10 (D 0,1,1) (S 6,7,7) (S None,13,12) (S 15,18,18) (S 9,12,12) (S None,18,29) (S 26,30,30) (S 25,29,29) (S 33,30,31) (D 0,1,1) 
 0 1 3 75 108 10 (D 0,1,1) (S 41,12,19) (S 31,25,26) (S 53,20,19) (S 21,25,25) (S 16,19,19) (S 53,20,19) (S 17,20,20) (S 30,14,15) (D 0,1,1) 
 0 1 4 75 124 11 (D 0,1,1) (S 1,2,2) (S 34,8,14) (S 64,21,20) (S 22,26,26) (S 23,27,27) (S 47,32,27) (S 47,32,27) (S None,32,31) (S 54,11,5) (D 0,1,1) 
 0 1 5 75 129 11 (D 0,1,1) (S 45,8,9) (S 12,15,15) (S 56,9,15) (S 38,9,10) (S 13,16,16) (S 7,10,10) (S 39,16,17) (S 60,11,10) (S 58,16,23) (D 0,1,1) 
 0 1 6 75 130 12 (D 0,1,1) (S 28,26,31) (S 27,32,32) (S None,27,28) (S 69,33,32) (S 37,33,34) (S 24,28,28) (S None,22,15) (S None,9,3) (S 44,4,3) (S 43,10,3) (D 0,1,1) 
 0 1 7 74 154 14 (D 0,1,1) (S 55,15,21) (S 55,15,21) (S None,22,21) (S 46,22,28) (S 46,22,28) (S 61,34,28) (S 61,34,28) (S 42,34,24) (S 19,23,23) (S 57,24,11) (S 65,5,11) (S 43,10,3) (D 0,1,1) 
 0 1 8 71 107 9 (D 0,1,1) (S 18,21,21) (S 57,24,11) (S 4,5,5) (S 8,11,11) (S 14,17,17) (S 20,24,24) (S 2,3,3) (D 0,1,1) 
 0 1 9 21 53 3 (D 0,1,1) (S 3,4,4) (D 0,1,1) 
