463
10
2410249
1788250
 0 1 1 27 38 6 (D 0,1,1) (S 11,19,19) (S 36,1,3) (S None,6,3) (S None,6,5) (D 0,1,1) 
 0 1 2 27 54 9 (D 0,1,1) (S 38,2,1) (S 26,2,12) (S 24,13,15) (S None,20,15) (S None,20,14) (S 19,13,14) (S 33,16,17) (D 0,1,1) 
 0 1 3 27 46 8 (D 0,1,1) (S 9,17,17) (S 8,15,15) (S None,13,12) (S 28,21,22) (S 39,25,26) (S 14,23,23) (D 0,1,1) 
 0 1 4 27 55 6 (D 0,1,1) (S 15,24,24) (S 31,23,24) (S 16,27,27) (S 13,22,22) (D 0,1,1) 
 0 1 5 27 79 7 (D 0,1,1) (S None,27,26) (S None,23,21) (S 35,20,21) (S 12,21,21) (S 40,6,7) (D 0,1,1) 
 0 1 6 24 36 6 (D 0,1,1) (S 1,3,3) (S None,6,4) (S 3,5,5) (S None,4,3) (D 0,1,1) 
 0 1 7 25 28 4 (D 0,1,1) (S 4,6,6) (S None,10,4) (D 0,1,1) 
 0 1 8 23 35 5 (D 0,1,1) (S None,23,22) (S None,18,14) (S 7,14,14) (D 0,1,1) 
 0 1 9 26 52 6 (D 0,1,1) (S 2,4,4) (S 6,10,10) (S 27,7,11) (S 5,8,8) (D 0,1,1) 
 0 1 10 16 40 4 (D 0,1,1) (S None,21,18) (S 10,18,18) (D 0,1,1) 
