173
8
1880750
1005000
 0 1 1 27 35 11 (D 0,1,1) (S 2,3,3) (S 19,3,4) (S 17,6,9) (S 27,4,5) (S 10,1,7) (S 23,2,3) (S 12,1,11) (S None,7,2) (S None,8,5) (D 0,1,1) 
 0 1 2 26 40 10 (D 0,1,1) (S 4,5,5) (S 26,1,4) (S 22,8,9) (S 14,4,11) (S None,7,3) (S 11,6,10) (S 15,3,5) (S None,10,7) (D 0,1,1) 
 0 1 3 25 15 5 (D 0,1,1) (S 5,6,6) (S 25,3,9) (S 8,9,9) (D 0,1,1) 
 0 1 4 27 23 5 (D 0,1,1) (S 7,8,8) (S None,7,5) (S 24,5,11) (D 0,1,1) 
 0 1 5 26 32 6 (D 0,1,1) (S 29,6,8) (S 30,5,10) (S 31,3,11) (S 32,7,9) (D 0,1,1) 
 0 1 6 27 7 4 (D 0,1,1) (S None,10,3) (S 1,2,2) (D 0,1,1) 
 0 1 7 25 4 3 (D 0,1,1) (S 3,4,4) (D 0,1,1) 
 0 1 8 22 17 5 (D 0,1,1) (S 9,10,10) (S None,10,9) (S 6,7,7) (D 0,1,1) 
