858
10
3952500
2903500
 0 1 1 50 74 9 (D 0,1,1) (S 1,2,2) (S 43,1,2) (S 43,1,2) (S 40,2,3) (S None,9,8) (S 40,2,3) (S None,9,3) (D 0,1,1) 
 0 1 2 50 108 14 (D 0,1,1) (S 22,31,31) (S 57,5,31) (S 57,5,31) (S 4,5,5) (S None,31,29) (S None,31,6) (S None,11,10) (S 52,14,10) (S 52,14,10) (S 39,14,15) (S 39,14,15) (S 50,4,9) (D 0,1,1) 
 0 1 3 49 77 10 (D 0,1,1) (S 21,30,30) (S 53,29,28) (S 56,5,6) (S 51,11,6) (S 8,11,11) (S 55,12,11) (S 9,12,12) (S 50,4,9) (D 0,1,1) 
 0 1 4 50 87 8 (D 0,1,1) (S 19,28,28) (S 18,26,26) (S 32,27,29) (S 46,25,28) (S None,27,24) (S 20,29,29) (D 0,1,1) 
 0 1 5 49 58 6 (D 0,1,1) (S 23,8,12) (S None,13,9) (S 3,4,4) (S 10,13,13) (D 0,1,1) 
 0 1 6 50 94 8 (D 0,1,1) (S 47,7,8) (S 2,3,3) (S 49,12,18) (S 16,21,21) (S 13,18,18) (S 35,19,18) (D 0,1,1) 
 0 1 7 50 78 9 (D 0,1,1) (S 5,6,6) (S 7,10,10) (S 36,10,16) (S 58,17,16) (S 12,17,17) (S None,16,15) (S 11,16,16) (D 0,1,1) 
 0 1 8 49 114 6 (D 0,1,1) (S 6,7,7) (S 48,18,19) (S 30,21,22) (S 41,19,22) (D 0,1,1) 
 0 1 9 43 95 5 (D 0,1,1) (S 17,23,23) (S 26,23,25) (S 14,19,19) (D 0,1,1) 
 0 1 10 11 73 3 (D 0,1,1) (S 15,20,20) (D 0,1,1) 
