200
11
1668249
1145249
 0 1 1 27 21 8 (D 0,1,1) (S 7,8,8) (S 19,1,9) (S None,7,4) (S 21,4,9) (S 14,7,10) (S 10,3,5) (D 0,1,1) 
 0 1 2 27 18 5 (D 0,1,1) (S 8,8,9) (S 6,7,7) (S 9,9,11) (D 0,1,1) 
 0 1 3 27 32 7 (D 0,1,1) (S None,8,6) (S 25,2,8) (S 12,1,4) (S 24,6,9) (S 30,5,10) (D 0,1,1) 
 0 1 4 26 33 7 (D 0,1,1) (S None,9,3) (S None,7,1) (S 29,9,10) (S None,10,1) (S 28,5,11) (D 0,1,1) 
 0 1 5 24 21 4 (D 0,1,1) (S None,5,1) (S None,11,1) (S None,6,1) 
 0 1 6 25 12 4 (D 0,1,1) (S None,2,1) (S 2,3,3) (D 0,1,1) 
 0 1 7 26 23 6 (D 0,1,1) (S None,10,3) (S 31,10,11) (S None,6,2) (S 5,6,6) (D 0,1,1) 
 0 1 8 24 6 3 (D 0,1,1) (S 3,4,4) (D 0,1,1) 
 0 1 9 27 15 5 (D 0,1,1) (S None,4,2) (S 4,5,5) (S None,11,2) (D 0,1,1) 
 0 1 10 27 6 3 (D 0,1,1) (S 1,2,2) (D 0,1,1) 
 0 1 11 6 13 3 (D 0,1,1) (S 17,2,5) (D 0,1,1) 
