715
8
3156499
2422749
 0 1 1 45 45 7 (D 0,1,1) (S 4,5,5) (S 1,2,2) (S None,4,3) (S 6,9,9) (S 27,2,4) (D 0,1,1) 
 0 1 2 45 97 8 (D 0,1,1) (S 23,5,11) (S None,1,11) (S 43,1,19) (S 39,9,19) (S 39,9,19) (S 33,10,2) (D 0,1,1) 
 0 1 3 45 70 8 (D 0,1,1) (S 45,5,6) (S 34,7,6) (S 15,7,8) (S None,14,13) (S 41,17,12) (S 41,17,12) (D 0,1,1) 
 0 1 4 44 107 11 (D 0,1,1) (S 45,5,6) (S 17,7,13) (S 11,17,17) (S 10,16,16) (S None,15,20) (S 21,21,23) (S None,24,21) (S 3,4,4) (S 29,13,17) (D 0,1,1) 
 0 1 5 45 81 7 (D 0,1,1) (S 2,3,3) (S 22,3,10) (S 13,20,20) (S 40,21,15) (S 37,16,17) (D 0,1,1) 
 0 1 6 45 106 8 (D 0,1,1) (S 26,19,20) (S 40,21,15) (S 9,15,15) (S 14,24,24) (S 16,23,24) (S None,23,22) (D 0,1,1) 
 0 1 7 44 94 9 (D 0,1,1) (S 7,11,11) (S None,11,6) (S 8,12,12) (S 38,17,16) (S 46,17,18) (S 12,18,18) (S 44,14,8) (D 0,1,1) 
 0 1 8 45 115 6 (D 0,1,1) (S 30,19,22) (S 5,6,6) (S None,18,14) (S 42,8,14) (D 0,1,1) 
