985
9
6768750
4649500
 0 1 1 64 96 12 (D 0,1,1) (S 1,2,2) (S 46,1,2) (S 31,1,10) (S 77,9,8) (S None,40,1) (S 37,2,36) (S 33,29,30) (S 83,31,37) (S None,38,4) (S 35,3,7) (D 0,1,1) 
 0 1 2 64 93 14 (D 0,1,1) (S 61,2,6) (S 64,2,3) (S 47,4,3) (S 47,4,3) (S 82,5,4) (S 54,3,37) (S 67,38,37) (S 67,38,37) (S 75,38,39) (S 50,5,39) (S 17,32,32) (S 59,39,38) (D 0,1,1) 
 0 1 3 64 69 13 (D 0,1,1) (S 2,6,6) (S None,12,11) (S 55,12,6) (S 55,12,6) (S 7,12,12) (S 62,6,7) (S None,13,7) (S 8,13,13) (S 56,18,13) (S 11,18,18) (S 76,17,13) (D 0,1,1) 
 0 1 4 64 119 13 (D 0,1,1) (S 6,11,11) (S 42,12,17) (S 40,13,19) (S 26,18,22) (S 65,21,22) (S 65,21,22) (S 45,21,24) (S 66,21,20) (S 85,18,17) (S 3,7,7) (S 54,3,37) (D 0,1,1) 
 0 1 5 65 107 12 (D 0,1,1) (S 32,11,16) (S 53,15,16) (S 53,15,16) (S 10,15,15) (S 77,9,8) (S 23,40,40) (S 38,1,33) (S 19,34,34) (S 24,26,27) (S 57,28,27) (D 0,1,1) 
 0 1 6 64 132 12 (D 0,1,1) (S 41,1,35) (S None,34,27) (S None,28,35) (S None,34,35) (S 81,36,37) (S 73,30,31) (S 73,30,31) (S 21,37,37) (S 52,37,36) (S 22,39,39) (D 0,1,1) 
 0 1 7 64 141 11 (D 0,1,1) (S 60,1,8) (S None,9,10) (S 5,9,9) (S 43,16,10) (S 4,8,8) (S None,1,11) (S 18,33,33) (S 63,27,28) (S 14,28,28) (D 0,1,1) 
 0 1 8 63 106 7 (D 0,1,1) (S 39,8,14) (S 9,14,14) (S 20,35,35) (S 13,26,26) (S 15,29,29) (D 0,1,1) 
 0 1 9 47 122 9 (D 0,1,1) (S 16,31,31) (S 30,22,25) (S 78,24,21) (S 36,24,25) (S None,24,23) (S 12,20,20) (S None,23,20) (D 0,1,1) 
