828
8
2426999
1728749
 0 1 1 39 47 8 (D 0,1,1) (S 2,3,3) (S 40,9,3) (S 7,9,9) (S 16,3,4) (S 1,2,2) (S 37,1,3) (D 0,1,1) 
 0 1 2 40 84 8 (D 0,1,1) (S None,2,1) (S 3,4,4) (S 4,5,5) (S 27,11,5) (S 27,11,5) (S 30,15,21) (D 0,1,1) 
 0 1 3 40 123 8 (D 0,1,1) (S 20,9,10) (S 21,11,15) (S None,21,20) (S 24,10,20) (S 26,21,15) (S 34,18,14) (D 0,1,1) 
 0 1 4 40 74 5 (D 0,1,1) (S 10,19,19) (S 13,22,22) (S 12,21,21) (D 0,1,1) 
 0 1 5 40 111 10 (D 0,1,1) (S 43,10,11) (S 36,15,16) (S 15,17,18) (S 31,14,18) (S 8,14,14) (S 42,13,17) (S 41,16,15) (S None,21,24) (D 0,1,1) 
 0 1 6 40 119 7 (D 0,1,1) (S 35,12,11) (S 43,10,11) (S 9,16,16) (S 39,17,13) (S 22,12,13) (D 0,1,1) 
 0 1 7 40 138 7 (D 0,1,1) (S None,22,23) (S 11,20,20) (S 14,23,23) (S None,23,24) (S 6,7,7) (D 0,1,1) 
 0 1 8 31 132 6 (D 0,1,1) (S 23,12,6) (S None,7,8) (S 17,8,14) (S 5,6,6) (D 0,1,1) 
