294
7
1762249
1191249
 0 1 1 20 24 8 (D 0,1,1) (S 2,3,3) (S 22,1,2) (S None,4,3) (S 26,4,2) (S 3,4,4) (S 1,2,2) (D 0,1,1) 
 0 1 2 20 38 6 (D 0,1,1) (S 4,5,5) (S 21,6,7) (S 31,8,7) (S 5,7,7) (D 0,1,1) 
 0 1 3 20 39 8 (D 0,1,1) (S 18,5,10) (S 6,9,9) (S 7,10,10) (S 17,9,19) (S None,20,10) (S 34,11,12) (D 0,1,1) 
 0 1 4 20 50 11 (D 0,1,1) (S 25,6,12) (S 10,13,13) (S 33,12,6) (S 9,12,12) (S 28,13,14) (S 32,18,17) (S 13,17,17) (S 30,12,11) (S 35,16,12) (D 0,1,1) 
 0 1 5 19 39 7 (D 0,1,1) (S 8,11,11) (S 11,15,15) (S 12,16,16) (S 27,20,23) (S 29,19,20) (D 0,1,1) 
 0 1 6 18 36 5 (D 0,1,1) (S 14,21,21) (S 15,23,23) (S None,23,22) (D 0,1,1) 
 0 1 7 20 68 5 (D 0,1,1) (S 20,14,18) (S None,14,8) (S 36,22,19) (D 0,1,1) 
