179
6
1288999
825000
 0 1 1 27 16 8 (D 0,1,1) (S 1,2,2) (S 27,2,9) (S 11,7,9) (S None,7,1) (S 7,11,11) (S 22,6,11) (D 0,1,1) 
 0 1 2 27 39 7 (D 0,1,1) (S 13,2,4) (S None,7,5) (S 24,2,6) (S None,11,3) (S 28,2,5) (D 0,1,1) 
 0 1 3 27 19 7 (D 0,1,1) (S None,3,2) (S 5,8,8) (S None,10,1) (S 6,9,9) (S 20,7,8) (D 0,1,1) 
 0 1 4 27 44 9 (D 0,1,1) (S 12,1,9) (S 4,7,7) (S None,9,4) (S None,7,4) (S 26,7,10) (S None,8,1) (S None,10,3) (D 0,1,1) 
 0 1 5 27 41 7 (D 0,1,1) (S None,8,4) (S 21,1,6) (S None,5,3) (S 31,1,5) (S 2,3,3) (D 0,1,1) 
 0 1 6 19 20 5 (D 0,1,1) (S None,10,6) (S 9,3,6) (S 3,6,6) (D 0,1,1) 
