225
6
896249
532749
 0 1 1 5 27 7 (D 0,1,1) (S None,7,6) (S 17,1,7) (S 7,8,10) (S None,11,10) (S 22,7,8) (D 0,1,1) 
 0 1 2 5 60 6 (D 0,1,1) (S 12,9,10) (S None,11,5) (S None,13,4) (S 23,12,13) (S None,4,1) 
 0 1 3 5 51 7 (D 0,1,1) (S 14,1,10) (S 24,8,11) (S 18,5,13) (S 11,3,13) (S 13,2,3) (D 0,1,1) 
 0 1 4 5 26 7 (D 0,1,1) (S None,12,1) (S 20,7,12) (S 4,6,6) (S 21,5,6) (S 3,5,5) (D 0,1,1) 
 0 1 5 5 39 5 (D 0,1,1) (S None,5,3) (S 2,3,3) (S 1,2,2) (D 0,1,1) 
 0 1 6 1 22 3 (D 0,1,1) (S 5,9,9) (D 0,1,1) 
