524
10
2258750
1689249
 0 1 1 27 37 7 (D 0,1,1) (S 10,19,19) (S 35,1,24) (S 12,23,23) (S None,23,22) (S None,25,22) (D 0,1,1) 
 0 1 2 27 54 8 (D 0,1,1) (S 22,24,27) (S None,26,23) (S 14,26,26) (S None,23,21) (S 13,25,25) (S None,14,13) (D 0,1,1) 
 0 1 3 27 54 8 (D 0,1,1) (S 24,1,17) (S 25,1,15) (S 39,15,20) (S 36,14,20) (S 6,14,14) (S None,13,12) (S 28,2,1) 
 0 1 4 27 63 7 (D 0,1,1) (S 40,2,12) (S 29,13,15) (S 19,20,21) (S 11,21,21) (S 8,16,16) (D 0,1,1) 
 0 1 5 26 72 7 (D 0,1,1) (S 7,15,15) (S 20,14,18) (S None,21,14) (S 30,21,25) (S 16,6,7) (D 0,1,1) 
 0 1 6 27 51 7 (D 0,1,1) (S 1,3,3) (S None,6,3) (S 18,6,9) (S 46,5,9) (S None,4,3) (D 0,1,1) 
 0 1 7 24 70 6 (D 0,1,1) (S 15,27,27) (S None,25,18) (S 9,18,18) (S 31,6,8) (D 0,1,1) 
 0 1 8 25 44 5 (D 0,1,1) (S 37,3,8) (S 44,6,10) (S 2,4,4) (D 0,1,1) 
 0 1 9 25 48 6 (D 0,1,1) (S 4,7,7) (S None,5,4) (S None,10,4) (S 33,10,11) (D 0,1,1) 
 0 1 10 14 31 4 (D 0,1,1) (S 3,5,5) (S 5,8,8) (D 0,1,1) 
