773
9
3441500
2579499
 0 1 1 45 67 9 (D 0,1,1) (S 3,5,5) (S 30,4,5) (S 30,4,5) (S None,4,3) (S 47,1,9) (S 5,9,9) (S 28,10,2) (D 0,1,1) 
 0 1 2 44 78 11 (D 0,1,1) (S None,5,1) (S 25,5,6) (S 26,7,6) (S 26,7,6) (S 13,7,13) (S 44,17,13) (S 11,17,17) (S 7,13,13) (S 33,17,12) (S 38,11,1) 
 0 1 3 45 87 8 (D 0,1,1) (S 25,5,6) (S 19,7,8) (S None,14,13) (S 36,17,16) (S None,15,20) (S None,15,21) (D 0,1,1) 
 0 1 4 45 66 7 (D 0,1,1) (S None,11,6) (S 32,2,4) (S 1,2,2) (S 28,10,2) (S 2,3,3) (D 0,1,1) 
 0 1 5 44 93 6 (D 0,1,1) (S 38,11,1) (S 16,1,20) (S 9,15,15) (S 27,19,20) (D 0,1,1) 
 0 1 6 45 95 6 (D 0,1,1) (S 39,1,19) (S None,9,19) (S 45,19,22) (S None,23,21) (D 0,1,1) 
 0 1 7 42 98 10 (D 0,1,1) (S 20,6,12) (S 33,17,12) (S 36,17,16) (S None,17,18) (S None,16,12) (S 10,16,16) (S None,18,14) (S 4,8,8) (D 0,1,1) 
 0 1 8 43 133 8 (D 0,1,1) (S 41,20,21) (S 37,24,21) (S 37,24,21) (S None,24,23) (S 12,22,22) (S 6,12,12) (D 0,1,1) 
 0 1 9 5 56 3 (D 0,1,1) (S 8,14,14) (D 0,1,1) 
