404
10
2543500
1682750
 0 1 1 27 49 10 (D 0,1,1) (S 29,1,24) (S 35,8,24) (S 7,8,8) (S None,27,24) (S 24,8,9) (S 28,5,9) (S None,6,3) (S 30,4,19) (D 0,1,1) 
 0 1 2 27 37 7 (D 0,1,1) (S None,24,23) (S 15,22,22) (S 26,23,26) (S None,25,22) (S None,23,21) (D 0,1,1) 
 0 1 3 27 30 8 (D 0,1,1) (S 1,2,2) (S 9,12,12) (S 32,2,1) (S None,8,3) (S 8,10,10) (S 16,12,13) (D 0,1,1) 
 0 1 4 27 67 9 (D 0,1,1) (S 33,1,27) (S None,27,26) (S 22,25,26) (S 25,21,22) (S None,18,14) (S 34,13,14) (S 23,15,20) (D 0,1,1) 
 0 1 5 27 22 5 (D 0,1,1) (S 3,4,4) (S None,19,1) (S 21,1,15) (D 0,1,1) 
 0 1 6 27 41 6 (D 0,1,1) (S 11,17,17) (S 43,15,17) (S None,15,13) (S 20,14,20) (D 0,1,1) 
 0 1 7 27 53 6 (D 0,1,1) (S 18,4,5) (S 5,6,6) (S 40,16,17) (S 14,21,21) (D 0,1,1) 
 0 1 8 21 29 4 (D 0,1,1) (S 2,3,3) (S 36,6,9) (D 0,1,1) 
 0 1 9 25 33 5 (D 0,1,1) (S 10,14,14) (S 13,20,20) (S None,21,18) (D 0,1,1) 
 0 1 10 23 43 5 (D 0,1,1) (S 4,5,5) (S 6,7,7) (S 12,18,18) (D 0,1,1) 
