1326
9
9633749
7639249
 0 1 1 75 145 11 (D 0,1,1) (S 21,6,12) (S 50,6,18) (S 37,12,13) (S 30,14,15) (S 48,8,9) (S 7,15,15) (S 4,9,9) (S 24,15,22) (S None,23,22) (D 0,1,1) 
 0 1 2 73 122 14 (D 0,1,1) (S 82,6,1) (S 53,6,7) (S None,13,7) (S 6,13,13) (S None,14,8) (S 73,14,20) (S 68,26,20) (S 68,26,20) (S 33,26,31) (S None,32,27) (S 15,32,32) (S None,31,30) (D 0,1,1) 
 0 1 3 73 159 14 (D 0,1,1) (S 82,6,1) (S 3,7,7) (S 63,1,7) (S 63,1,7) (S 25,1,2) (S 58,2,8) (S 73,14,20) (S 34,26,27) (S 45,32,33) (S None,34,28) (S 56,22,28) (S None,34,24) (D 0,1,1) 
 0 1 4 75 70 7 (D 0,1,1) (S 1,2,2) (S 9,19,19) (S 13,25,25) (S None,19,12) (S 44,18,12) (D 0,1,1) 
 0 1 5 75 218 15 (D 0,1,1) (S 55,3,2) (S 59,19,20) (S 59,19,20) (S 64,21,20) (S None,27,21) (S 52,15,21) (S 81,16,15) (S None,9,3) (S 35,4,10) (S 43,3,4) (S 72,3,10) (S 72,3,10) (S 2,4,4) (D 0,1,1) 
 0 1 6 74 174 14 (D 0,1,1) (S 60,12,18) (S 57,29,25) (S 66,30,25) (S None,30,29) (S 8,18,18) (S 80,29,18) (S 75,31,32) (S 75,31,32) (S 69,27,28) (S 17,34,34) (S 46,33,32) (S 16,33,33) (D 0,1,1) 
 0 1 7 75 168 12 (D 0,1,1) (S 28,9,10) (S 85,11,10) (S 85,11,10) (S 19,4,11) (S 51,5,4) (S 22,10,16) (S 54,17,24) (S 11,23,23) (S 20,23,28) (S 14,28,28) (D 0,1,1) 
 0 1 8 74 167 11 (D 0,1,1) (S 10,21,21) (S 78,16,23) (S 70,28,27) (S 27,28,33) (S 12,24,24) (S 76,17,11) (S 67,5,11) (S 54,17,24) (S 76,17,11) (D 0,1,1) 
 0 1 9 20 103 5 (D 0,1,1) (S 5,11,11) (S None,17,16) (S 65,11,24) (D 0,1,1) 
