30074
24
15446500
14118000
 0 1 1 148 636 10 (D 0,1,1) (S 19,116,116) (S 167,116,1) (S 93,116,117) (S 167,116,1) (S 93,116,117) (S 94,2,117) (S 94,2,117) (S 95,117,119) (D 0,1,1) 
 0 1 2 150 882 12 (D 0,1,1) (S 95,117,119) (S 25,119,119) (S 10,122,122) (S 151,87,86) (S 151,87,86) (S 7,86,86) (S 150,86,85) (S 74,84,85) (S 74,84,85) (S 126,46,43) (D 0,1,1) 
 0 1 3 149 949 16 (D 0,1,1) (S 166,114,113) (S 90,112,113) (S 90,112,113) (S 163,112,110) (S 162,111,110) (S 162,111,110) (S 89,107,112) (S 91,113,114) (S 163,112,110) (S 89,107,112) (S 1,110,110) (S 86,107,110) (S 86,107,110) (S 63,67,69) (D 0,1,1) 
 0 1 4 150 740 6 (D 0,1,1) (S 96,114,118) (S 171,118,114) (S 158,107,106) (S 156,105,104) (D 0,1,1) 
 0 1 5 150 802 9 (D 0,1,1) (S 84,107,108) (S 83,106,107) (S 84,107,108) (S 157,106,105) (S 155,104,102) (S 80,102,104) (S 82,105,106) (D 0,1,1) 
 0 1 6 150 1209 13 (D 0,1,1) (S 150,86,85) (S 148,84,82) (S 11,83,83) (S 147,82,80) (S 71,79,80) (S 71,79,80) (S 145,79,78) (S 145,79,78) (S 69,77,78) (S 69,77,78) (S 79,97,98) (D 0,1,1) 
 0 1 7 150 1232 9 (D 0,1,1) (S 97,124,126) (S 97,124,126) (S 20,129,129) (S 98,126,130) (S 98,126,130) (S 63,67,69) (S 131,56,55) (D 0,1,1) 
 0 1 8 150 1242 6 (D 0,1,1) (S 85,108,109) (S 156,105,104) (S 135,66,62) (S 131,56,55) (D 0,1,1) 
 0 1 9 148 1141 6 (D 0,1,1) (S 85,108,109) (S 61,66,67) (S 64,69,71) (S 64,69,71) (D 0,1,1) 
 0 1 10 150 1349 12 (D 0,1,1) (S 16,92,92) (S 147,82,80) (S 73,82,84) (S 143,77,46) (S 23,47,47) (S 68,46,77) (S 126,46,43) (S 122,43,37) (S 45,38,39) (S 79,97,98) (D 0,1,1) 
 0 1 11 149 1146 13 (D 0,1,1) (S 135,66,62) (S 132,63,62) (S 58,63,64) (S 132,63,62) (S 58,63,64) (S 134,65,64) (S 134,65,64) (S 14,62,62) (S 65,71,72) (S 65,71,72) (S 125,45,34) (D 0,1,1) 
 0 1 12 147 1189 10 (D 0,1,1) (S 61,66,67) (S 62,67,68) (S 62,67,68) (S 6,67,67) (S 66,72,73) (S 141,73,72) (S 125,45,34) (S 45,38,39) (D 0,1,1) 
 0 1 13 149 1160 10 (D 0,1,1) (S 18,133,133) (S 4,135,135) (S 8,130,130) (S 13,95,95) (S 152,96,95) (S 152,96,95) (S 78,96,97) (S 153,97,96) (D 0,1,1) 
 0 1 14 150 1314 9 (D 0,1,1) (S 2,75,75) (S 142,73,44) (S 124,45,44) (S 124,45,44) (S 22,60,60) (S 128,49,48) (S 113,29,28) (D 0,1,1) 
 0 1 15 150 1084 7 (D 0,1,1) (S 142,73,44) (S 42,34,139) (S 52,33,139) (S 52,33,139) (S 5,33,33) (D 0,1,1) 
 0 1 16 149 1491 12 (D 0,1,1) (S 130,55,54) (S 174,140,55) (S 130,55,54) (S 174,140,55) (S 129,140,49) (S 53,48,49) (S 17,48,48) (S 54,49,140) (S 116,33,11) (S 113,29,28) (D 0,1,1) 
 0 1 17 147 1378 8 (D 0,1,1) (S 42,34,139) (S 116,33,11) (S 105,12,11) (S 105,12,11) (S 31,12,13) (S 106,13,12) (D 0,1,1) 
 0 1 18 149 1599 9 (D 0,1,1) (S 48,43,44) (S 123,44,43) (S 122,43,37) (S 43,36,37) (S 43,36,37) (S 44,36,38) (S 112,28,27) (D 0,1,1) 
 0 1 19 149 1817 10 (D 0,1,1) (S 44,36,38) (S 46,39,40) (S 121,40,39) (S 104,11,8) (S 27,6,8) (S 27,6,8) (S 21,9,9) (S 33,20,22) (D 0,1,1) 
 0 1 20 147 1334 9 (D 0,1,1) (S 100,11,27) (S 15,28,28) (S 114,30,28) (S 114,30,28) (S 12,30,30) (S 112,28,27) (S 40,30,32) (D 0,1,1) 
 0 1 21 147 1636 7 (D 0,1,1) (S 104,11,8) (S 101,6,5) (S 101,6,5) (S 28,8,9) (S 33,20,22) (D 0,1,1) 
 0 1 22 150 1536 8 (D 0,1,1) (S 100,11,27) (S 40,30,32) (S 111,27,25) (S 35,24,25) (S 35,24,25) (S 109,24,20) (D 0,1,1) 
 0 1 23 125 1558 7 (D 0,1,1) (S 111,27,25) (S 109,24,20) (S 32,13,14) (S 32,13,14) (S 103,9,8) (D 0,1,1) 
 0 1 24 110 1650 5 (D 0,1,1) (S 24,7,7) (S 3,5,5) (S 9,21,21) (D 0,1,1) 
