1438
9
10846500
6991249
 0 1 1 75 134 21 (D 0,1,1) (S 1,2,2) (S 89,3,2) (S 27,3,9) (S 47,3,4) (S None,5,4) (S 29,5,6) (S 93,12,11) (S None,17,11) (S None,17,20) (S 9,17,17) (S None,20,19) (S 74,16,15) (S None,10,9) (S 52,2,8) (S 38,7,1) (S 73,1,2) (S None,9,8) (S 40,7,8) (S 40,7,8) (D 0,1,1) 
 0 1 2 75 114 11 (D 0,1,1) (S 52,2,8) (S 38,7,1) (S 23,9,14) (S 7,15,15) (S 3,10,10) (S 35,10,11) (S 28,17,18) (S 11,20,20) (S 85,27,21) (D 0,1,1) 
 0 1 3 75 115 9 (D 0,1,1) (S 86,13,7) (S 53,4,10) (S 6,14,14) (S 8,16,16) (S 10,19,19) (S None,16,11) (S 5,12,12) (D 0,1,1) 
 0 1 4 75 207 15 (D 0,1,1) (S 2,4,4) (S 44,11,5) (S 48,23,14) (S None,14,13) (S 66,23,13) (S 66,23,13) (S 12,23,23) (S 91,24,14) (S 61,14,24) (S 62,23,29) (S 43,30,29) (S 17,29,29) (S 19,34,34) (D 0,1,1) 
 0 1 5 75 169 12 (D 0,1,1) (S None,19,26) (S 14,25,25) (S None,26,25) (S 15,26,26) (S None,25,24) (S 62,23,29) (S 18,30,30) (S 69,29,34) (S 81,31,35) (S 41,39,40) (D 0,1,1) 
 0 1 6 74 196 11 (D 0,1,1) (S 4,11,11) (S None,12,6) (S 25,20,21) (S None,22,21) (S 54,18,22) (S 58,28,27) (S 37,32,26) (S 37,32,26) (S 90,32,36) (D 0,1,1) 
 0 1 7 75 181 12 (D 0,1,1) (S None,20,27) (S 70,31,32) (S 16,27,27) (S 90,32,36) (S 51,37,33) (S None,27,33) (S 26,36,40) (S 92,39,36) (S 76,35,36) (S 22,40,40) (D 0,1,1) 
 0 1 8 75 157 13 (D 0,1,1) (S 13,24,24) (S 69,29,34) (S 76,35,36) (S 57,37,36) (S 57,37,36) (S 20,35,35) (S 87,34,38) (S 82,39,35) (S 87,34,38) (S 21,39,39) (S 63,40,41) (D 0,1,1) 
 0 1 9 28 165 8 (D 0,1,1) (S 94,22,28) (S 94,22,28) (S 68,37,41) (S 63,40,41) (S 71,41,37) (S None,39,38) (D 0,1,1) 
