968
10
15889499
12825500
 0 1 1 70 72 15 (D 0,1,1) (S 7,9,9) (S None,14,9) (S 12,14,14) (S 20,23,23) (S None,15,16) (S 51,1,15) (S 47,23,28) (S None,27,26) (S 18,21,21) (S 11,13,13) (S 54,21,22) (S 46,14,15) (S 81,23,29) (D 0,1,1) 
 0 1 2 70 59 11 (D 0,1,1) (S 14,16,16) (S 58,1,5) (S 85,1,10) (S 4,5,5) (S 1,2,2) (S None,3,2) (S 2,3,3) (S 60,3,4) (S None,7,6) (D 0,1,1) 
 0 1 3 70 100 17 (D 0,1,1) (S 103,16,17) (S None,18,11) (S 86,12,11) (S 10,12,12) (S 65,7,12) (S None,11,6) (S 9,11,11) (S 56,12,19) (S 78,32,31) (S None,39,30) (S 102,29,23) (S 13,15,15) (S 49,15,24) (S 25,29,29) (S 76,29,37) (D 0,1,1) 
 0 1 4 70 131 19 (D 0,1,1) (S 75,14,22) (S 75,14,22) (S 93,13,8) (S 95,13,22) (S 93,13,8) (S 95,13,22) (S 17,20,20) (S 98,20,25) (S 92,33,25) (S 28,33,33) (S 74,25,20) (S 100,25,26) (S 100,25,26) (S 22,25,25) (S 94,33,34) (S 88,27,35) (S 67,36,38) (D 0,1,1) 
 0 1 5 70 86 15 (D 0,1,1) (S 5,6,6) (S 8,10,10) (S 82,10,17) (S 72,18,19) (S 78,32,31) (S 32,39,39) (S 26,30,30) (S None,29,28) (S None,27,28) (S 23,27,27) (S 19,22,22) (S 76,29,37) (S 96,38,37) (D 0,1,1) 
 0 1 6 70 89 13 (D 0,1,1) (S 21,24,24) (S 40,30,38) (S 67,36,38) (S 30,36,36) (S 96,38,37) (S 31,38,38) (S None,36,35) (S None,43,42) (S 57,41,42) (S 64,43,44) (S 33,43,43) (D 0,1,1) 
 0 1 7 70 154 15 (D 0,1,1) (S 39,26,34) (S 83,34,35) (S None,43,48) (S 68,46,45) (S 61,49,45) (S 61,49,45) (S None,49,50) (S 41,46,50) (S 37,49,49) (S None,50,45) (S 104,49,48) (S 35,45,45) (S 104,49,48) (D 0,1,1) 
 0 1 8 69 82 9 (D 0,1,1) (S None,30,17) (S 15,17,17) (S 45,17,31) (S 87,39,31) (S 87,39,31) (S 105,39,40) (S 27,32,32) (D 0,1,1) 
 0 1 9 70 119 9 (D 0,1,1) (S 3,4,4) (S 16,19,19) (S 91,47,40) (S 36,47,47) (S 24,28,28) (S 29,35,35) (S 34,44,44) (D 0,1,1) 
 0 1 10 25 76 5 (D 0,1,1) (S 6,8,8) (S 44,34,42) (S 66,45,44) (D 0,1,1) 
