1194
9
7852249
6122249
 0 1 1 75 96 11 (D 0,1,1) (S 5,6,6) (S 73,1,6) (S 57,1,7) (S 55,13,7) (S 11,13,13) (S 75,7,6) (S 65,6,18) (S 10,12,12) (S 72,20,26) (D 0,1,1) 
 0 1 2 74 139 13 (D 0,1,1) (S 45,6,7) (S None,13,12) (S 16,19,19) (S 66,12,18) (S 31,19,25) (S 67,29,18) (S 59,19,18) (S 70,29,25) (S 70,29,25) (S 24,29,29) (S 68,30,25) (D 0,1,1) 
 0 1 3 75 143 14 (D 0,1,1) (S 6,7,7) (S None,13,2) (S 56,2,8) (S 12,14,14) (S 13,15,15) (S None,14,8) (S 47,14,20) (S 62,26,20) (S 21,26,26) (S 22,27,27) (S 64,32,27) (S 76,32,31) (D 0,1,1) 
 0 1 4 73 132 11 (D 0,1,1) (S 1,2,2) (S 7,8,8) (S 29,15,22) (S None,23,22) (S 30,23,28) (S 25,34,34) (S None,28,22) (S 33,23,24) (S 78,16,23) (D 0,1,1) 
 0 1 5 73 152 12 (D 0,1,1) (S 15,18,18) (S 35,30,31) (S 43,32,33) (S None,34,33) (S 79,34,24) (S 79,34,24) (S None,17,16) (S None,10,9) (S 48,15,21) (S 48,15,21) (D 0,1,1) 
 0 1 6 72 150 12 (D 0,1,1) (S 58,16,15) (S None,15,9) (S 2,3,3) (S 8,10,10) (S None,3,4) (S 41,10,16) (S 71,10,11) (S 74,5,4) (S 53,11,5) (S 4,5,5) (D 0,1,1) 
 0 1 7 73 156 10 (D 0,1,1) (S 17,20,20) (S None,26,25) (S 20,25,25) (S None,31,26) (S None,27,21) (S 63,27,28) (S 69,28,27) (S 43,32,33) (D 0,1,1) 
 0 1 8 71 141 10 (D 0,1,1) (S 18,21,21) (S 23,28,28) (S 39,28,33) (S 76,32,31) (S 49,24,11) (S 9,11,11) (S 60,17,24) (S 14,17,17) (D 0,1,1) 
 0 1 9 28 85 4 (D 0,1,1) (S 3,4,4) (S 19,24,24) (D 0,1,1) 
