517
7
720749
453749
 0 1 1 35 72 5 (D 0,1,1) (S None,5,4) (S None,10,5) (S 12,4,10) (S None,5,1) 
 0 1 2 35 29 4 (D 0,1,1) (S 1,2,2) (S 19,1,3) (D 0,1,1) 
 0 1 3 34 133 9 (D 0,1,1) (S 8,2,8) (S 20,8,9) (S None,13,11) (S 3,9,9) (S 17,8,12) (S None,6,2) (S 14,3,6) (D 0,1,1) 
 0 1 4 34 100 6 (D 0,1,1) (S 15,2,3) (S 22,6,10) (S 21,6,12) (S 2,7,7) (D 0,1,1) 
 0 1 5 29 55 4 (D 0,1,1) (S 18,1,4) (S 4,10,10) (D 0,1,1) 
 0 1 6 31 81 4 (D 0,1,1) (S 13,4,11) (S 5,11,11) (D 0,1,1) 
 0 1 7 14 47 3 (D 0,1,1) (S 6,12,12) (D 0,1,1) 
