21939
6
1721500
1023000
 0 1 1 1947 3645 12 (D 0,1,1) (S 8,2,7) (S None,13,12) (S 27,11,10) (S 34,16,11) (S 25,10,1) (S 18,2,6) (S 30,12,22) (S 34,16,11) (S 26,10,16) (S 40,22,16) (D 0,1,1) 
 0 1 2 1922 3372 11 (D 0,1,1) (S 9,3,9) (S 20,4,3) (S 20,4,3) (S 1,4,4) (S 21,4,5) (S None,15,9) (S 22,4,9) (S 2,5,5) (S 31,14,18) (D 0,1,1) 
 0 1 3 1948 2391 8 (D 0,1,1) (S 3,7,7) (S None,13,17) (S 14,17,18) (S 37,19,15) (S 7,19,19) (S 24,9,14) (D 0,1,1) 
 0 1 4 1898 3712 7 (D 0,1,1) (S 23,7,6) (S None,12,6) (S None,22,21) (S 5,16,16) (S 17,22,23) (D 0,1,1) 
 0 1 5 1951 5271 9 (D 0,1,1) (S 41,23,17) (S None,18,19) (S None,24,25) (S None,5,15) (S None,15,14) (S 36,18,14) (S 39,20,10) (D 0,1,1) 
 0 1 6 1650 3548 7 (D 0,1,1) (S 13,16,21) (S 33,16,10) (S None,21,20) (S 4,10,10) (S 6,18,18) (D 0,1,1) 
