160
8
1376500
938500
 0 1 1 27 13 7 (D 0,1,1) (S 4,5,5) (S None,3,1) (S 6,7,7) (S 15,2,11) (S 19,3,4) (D 0,1,1) 
 0 1 2 27 26 7 (D 0,1,1) (S 7,8,8) (S 13,5,11) (S 11,7,10) (S 20,2,3) (S 12,4,8) (D 0,1,1) 
 0 1 3 27 39 8 (D 0,1,1) (S None,5,4) (S None,4,2) (S None,7,6) (S None,10,5) (S None,8,5) (S 24,6,10) (D 0,1,1) 
 0 1 4 26 26 7 (D 0,1,1) (S None,8,6) (S 16,4,10) (S 2,3,3) (S None,9,4) (S 5,6,6) (D 0,1,1) 
 0 1 5 26 6 3 (D 0,1,1) (S 1,2,2) (S None,11,1) 
 0 1 6 26 9 3 (D 0,1,1) (S 3,4,4) (S None,6,1) 
 0 1 7 21 16 5 (D 0,1,1) (S 8,9,9) (S 10,11,11) (S None,11,3) (D 0,1,1) 
 0 1 8 25 25 5 (D 0,1,1) (S 26,3,9) (S None,10,9) (S 9,10,10) (D 0,1,1) 
