113168
77
79487999
76877249
 0 1 1 119 732 10 (D 0,1,1) (S 370,116,115) (S 371,116,1) (S 182,116,117) (S 184,2,117) (S 184,2,117) (S 370,116,115) (S 371,116,1) (S 368,114,113) (D 0,1,1) 
 0 1 2 120 1168 8 (D 0,1,1) (S 182,116,117) (S 369,115,114) (S 178,113,114) (S 366,113,112) (S 367,113,103) (S 155,97,98) (D 0,1,1) 
 0 1 3 120 692 8 (D 0,1,1) (S 183,115,117) (S 369,115,114) (S 366,113,112) (S 367,113,103) (S 333,91,90) (S 333,91,90) (D 0,1,1) 
 0 1 4 120 730 9 (D 0,1,1) (S 183,115,117) (S 376,119,117) (S 376,119,117) (S 187,119,120) (S 187,119,120) (S 381,121,120) (S 192,121,122) (D 0,1,1) 
 0 1 5 120 986 10 (D 0,1,1) (S 185,117,118) (S 381,121,120) (S 380,121,118) (S 380,121,118) (S 192,121,122) (S 329,87,86) (S 329,87,86) (S 404,138,136) (D 0,1,1) 
 0 1 6 120 758 7 (D 0,1,1) (S 185,117,118) (S 5,122,122) (S 386,123,120) (S 383,122,87) (S 327,85,84) (D 0,1,1) 
 0 1 7 120 1352 7 (D 0,1,1) (S 188,114,118) (S 194,122,123) (S 383,122,87) (S 19,86,86) (S 155,97,98) (D 0,1,1) 
 0 1 8 118 938 7 (D 0,1,1) (S 188,114,118) (S 194,122,123) (S 385,124,123) (S 199,124,126) (S 207,131,132) (D 0,1,1) 
 0 1 9 118 1052 9 (D 0,1,1) (S 196,120,123) (S 385,124,123) (S 199,124,126) (S 390,127,126) (S 390,127,126) (S 204,127,129) (S 207,131,132) (D 0,1,1) 
 0 1 10 120 960 12 (D 0,1,1) (S 23,112,112) (S 364,112,110) (S 363,111,110) (S 363,111,110) (S 175,107,112) (S 364,112,110) (S 175,107,112) (S 358,107,106) (S 356,105,104) (S 350,101,94) (D 0,1,1) 
 0 1 11 119 708 6 (D 0,1,1) (S 379,118,91) (S 26,90,90) (S 189,91,118) (S 164,91,103) (D 0,1,1) 
 0 1 12 120 1012 10 (D 0,1,1) (S 169,107,108) (S 172,107,110) (S 358,107,106) (S 167,105,106) (S 167,105,106) (S 2,105,105) (S 166,104,105) (S 350,101,94) (D 0,1,1) 
 0 1 13 117 1130 8 (D 0,1,1) (S 169,107,108) (S 172,107,110) (S 360,108,106) (S 28,104,104) (S 355,104,102) (S 25,63,63) (D 0,1,1) 
 0 1 14 119 918 6 (D 0,1,1) (S 197,123,125) (S 406,138,125) (S 406,138,125) (S 405,138,131) (D 0,1,1) 
 0 1 15 118 934 9 (D 0,1,1) (S 197,123,125) (S 404,138,136) (S 405,138,131) (S 208,132,133) (S 208,132,133) (S 399,134,133) (S 399,134,133) (D 0,1,1) 
 0 1 16 120 1004 9 (D 0,1,1) (S 15,87,87) (S 328,86,85) (S 137,84,85) (S 325,84,82) (S 136,83,84) (S 138,85,86) (S 320,81,79) (D 0,1,1) 
 0 1 17 120 966 7 (D 0,1,1) (S 140,86,88) (S 332,90,88) (S 334,90,68) (S 113,67,69) (S 113,67,69) (D 0,1,1) 
 0 1 18 120 1202 4 (D 0,1,1) (S 171,108,109) (S 352,102,101) (D 0,1,1) 
 0 1 19 120 982 6 (D 0,1,1) (S 140,86,88) (S 332,90,88) (S 334,90,68) (S 114,69,70) (D 0,1,1) 
 0 1 20 119 1104 8 (D 0,1,1) (S 360,108,106) (S 355,104,102) (S 162,101,102) (S 351,101,66) (S 112,67,68) (S 116,69,71) (D 0,1,1) 
 0 1 21 120 1286 4 (D 0,1,1) (S 171,108,109) (S 341,94,93) (D 0,1,1) 
 0 1 22 120 1202 6 (D 0,1,1) (S 335,91,66) (S 351,101,66) (S 159,94,100) (S 116,69,71) (D 0,1,1) 
 0 1 23 118 1008 4 (D 0,1,1) (S 335,91,66) (S 152,94,95) (D 0,1,1) 
 0 1 24 120 1260 6 (D 0,1,1) (S 164,91,103) (S 163,102,103) (S 163,102,103) (S 302,68,67) (D 0,1,1) 
 0 1 25 120 1674 6 (D 0,1,1) (S 388,124,4) (S 205,126,130) (S 204,127,129) (S 84,46,47) (D 0,1,1) 
 0 1 26 119 980 5 (D 0,1,1) (S 388,124,4) (S 206,126,131) (S 396,131,126) (D 0,1,1) 
 0 1 27 118 920 9 (D 0,1,1) (S 24,85,85) (S 148,84,92) (S 331,89,88) (S 331,89,88) (S 146,89,92) (S 146,89,92) (S 135,82,84) (D 0,1,1) 
 0 1 28 120 1882 8 (D 0,1,1) (S 205,126,130) (S 201,127,128) (S 201,127,128) (S 393,129,128) (S 211,134,135) (S 273,47,42) (D 0,1,1) 
 0 1 29 120 1322 9 (D 0,1,1) (S 326,84,83) (S 322,82,80) (S 134,81,83) (S 133,82,83) (S 147,82,92) (S 338,92,84) (S 273,47,42) (D 0,1,1) 
 0 1 30 120 1270 11 (D 0,1,1) (S 322,82,80) (S 134,81,83) (S 133,82,83) (S 147,82,92) (S 319,80,79) (S 321,81,80) (S 321,81,80) (S 320,81,79) (S 315,77,76) (D 0,1,1) 
 0 1 31 120 1576 8 (D 0,1,1) (S 30,136,136) (S 402,136,134) (S 8,133,133) (S 212,134,136) (S 211,134,135) (S 275,46,43) (D 0,1,1) 
 0 1 32 119 1794 8 (D 0,1,1) (S 213,136,137) (S 213,136,137) (S 210,133,135) (S 210,133,135) (S 12,135,135) (S 84,46,47) (D 0,1,1) 
 0 1 33 117 1462 6 (D 0,1,1) (S 393,129,128) (S 202,3,128) (S 202,3,128) (S 319,80,79) (D 0,1,1) 
 0 1 34 117 858 5 (D 0,1,1) (S 10,81,81) (S 318,79,78) (S 318,79,78) (D 0,1,1) 
 0 1 35 119 1244 9 (D 0,1,1) (S 341,94,93) (S 152,94,95) (S 343,96,95) (S 343,96,95) (S 156,96,99) (S 156,96,99) (S 154,96,97) (D 0,1,1) 
 0 1 36 120 1322 6 (D 0,1,1) (S 159,94,100) (S 158,99,100) (S 158,99,100) (S 347,99,97) (D 0,1,1) 
 0 1 37 119 1236 9 (D 0,1,1) (S 300,66,62) (S 150,63,93) (S 150,63,93) (S 296,63,62) (S 107,63,64) (S 296,63,62) (S 107,63,64) (D 0,1,1) 
 0 1 38 118 1302 7 (D 0,1,1) (S 111,66,67) (S 17,69,69) (S 301,67,66) (S 110,62,66) (S 310,74,73) (D 0,1,1) 
 0 1 39 120 1532 11 (D 0,1,1) (S 317,78,77) (S 125,76,77) (S 313,76,75) (S 305,71,70) (S 114,69,70) (S 117,71,72) (S 305,71,70) (S 117,71,72) (S 272,45,34) (D 0,1,1) 
 0 1 40 120 1360 10 (D 0,1,1) (S 339,93,64) (S 298,65,64) (S 298,65,64) (S 299,65,56) (S 96,55,56) (S 96,55,56) (S 285,55,54) (S 217,55,140) (D 0,1,1) 
 0 1 41 118 1252 8 (D 0,1,1) (S 317,78,77) (S 314,76,74) (S 308,73,72) (S 122,71,75) (S 410,70,58) (S 410,70,58) (D 0,1,1) 
 0 1 42 118 1352 8 (D 0,1,1) (S 339,93,64) (S 299,65,56) (S 285,55,54) (S 217,55,140) (S 218,54,140) (S 218,54,140) (D 0,1,1) 
 0 1 43 120 1492 9 (D 0,1,1) (S 122,71,75) (S 119,72,74) (S 308,73,72) (S 309,74,72) (S 124,74,76) (S 275,46,43) (S 68,35,36) (D 0,1,1) 
 0 1 44 120 1306 5 (D 0,1,1) (S 316,77,46) (S 268,43,42) (S 266,47,41) (D 0,1,1) 
 0 1 45 119 1538 11 (D 0,1,1) (S 316,77,46) (S 269,43,37) (S 80,43,44) (S 271,45,44) (S 271,45,44) (S 101,45,60) (S 272,45,34) (S 268,43,42) (S 68,35,36) (D 0,1,1) 
 0 1 46 119 1862 8 (D 0,1,1) (S 7,109,109) (S 295,62,57) (S 295,62,57) (S 288,58,57) (S 99,58,59) (S 291,60,45) (D 0,1,1) 
 0 1 47 120 1528 6 (D 0,1,1) (S 313,76,75) (S 288,58,57) (S 99,58,59) (S 294,61,49) (D 0,1,1) 
 0 1 48 118 1580 7 (D 0,1,1) (S 6,46,46) (S 269,43,37) (S 80,43,44) (S 120,73,74) (S 278,49,48) (D 0,1,1) 
 0 1 49 116 1632 6 (D 0,1,1) (S 347,99,97) (S 344,97,96) (S 287,57,56) (S 104,49,61) (D 0,1,1) 
 0 1 50 120 1984 6 (D 0,1,1) (S 266,47,41) (S 72,38,39) (S 75,38,41) (S 249,29,28) (D 0,1,1) 
 0 1 51 120 1934 6 (D 0,1,1) (S 311,73,44) (S 67,34,35) (S 70,36,37) (S 249,29,28) (D 0,1,1) 
 0 1 52 117 1526 8 (D 0,1,1) (S 287,57,56) (S 283,140,53) (S 92,52,53) (S 92,52,53) (S 281,52,51) (S 279,50,48) (D 0,1,1) 
 0 1 53 120 1954 6 (D 0,1,1) (S 311,73,44) (S 67,34,35) (S 70,36,37) (S 60,28,30) (D 0,1,1) 
 0 1 54 118 1434 9 (D 0,1,1) (S 267,42,37) (S 267,42,37) (S 69,35,37) (S 69,35,37) (S 18,35,35) (S 22,36,36) (S 72,38,39) (D 0,1,1) 
 0 1 55 119 1568 8 (D 0,1,1) (S 29,59,59) (S 290,60,59) (S 290,60,59) (S 102,60,61) (S 94,49,140) (S 278,49,48) (D 0,1,1) 
 0 1 56 117 1622 7 (D 0,1,1) (S 103,59,61) (S 94,49,140) (S 93,53,140) (S 89,48,50) (S 90,50,51) (D 0,1,1) 
 0 1 57 118 1810 7 (D 0,1,1) (S 103,59,61) (S 87,48,139) (S 86,33,139) (S 86,33,139) (S 38,12,13) (D 0,1,1) 
 0 1 58 120 1472 9 (D 0,1,1) (S 71,36,38) (S 73,39,40) (S 265,41,38) (S 73,39,40) (S 264,41,40) (S 264,41,40) (S 261,38,36) (D 0,1,1) 
 0 1 59 120 1750 6 (D 0,1,1) (S 102,60,61) (S 87,48,139) (S 255,33,11) (S 38,12,13) (D 0,1,1) 
 0 1 60 117 1640 6 (D 0,1,1) (S 66,34,139) (S 254,33,29) (S 13,28,28) (S 250,30,28) (D 0,1,1) 
 0 1 61 119 1862 7 (D 0,1,1) (S 66,34,139) (S 254,33,29) (S 248,28,27) (S 248,28,27) (S 43,13,17) (D 0,1,1) 
 0 1 62 116 1920 7 (D 0,1,1) (S 281,52,51) (S 280,51,50) (S 255,33,11) (S 227,12,11) (S 227,12,11) (D 0,1,1) 
 0 1 63 118 1916 8 (D 0,1,1) (S 21,11,11) (S 48,12,20) (S 240,22,20) (S 240,22,20) (S 9,22,22) (S 43,13,17) (D 0,1,1) 
 0 1 64 116 1940 7 (D 0,1,1) (S 226,11,8) (S 33,6,8) (S 33,6,8) (S 20,6,6) (S 34,8,9) (D 0,1,1) 
 0 1 65 116 1870 5 (D 0,1,1) (S 219,11,27) (S 16,30,30) (S 61,30,31) (D 0,1,1) 
 0 1 66 116 1992 6 (D 0,1,1) (S 226,11,8) (S 221,6,5) (S 32,6,7) (S 32,6,7) (D 0,1,1) 
 0 1 67 119 1962 5 (D 0,1,1) (S 219,11,27) (S 63,30,32) (S 61,30,31) (D 0,1,1) 
 0 1 68 120 2316 6 (D 0,1,1) (S 48,12,20) (S 49,20,21) (S 56,23,26) (S 45,17,18) (D 0,1,1) 
 0 1 69 114 2102 12 (D 0,1,1) (S 39,13,14) (S 44,13,16) (S 42,15,17) (S 39,13,14) (S 44,13,16) (S 42,15,17) (S 235,18,17) (S 46,18,19) (S 46,18,19) (S 41,15,16) (D 0,1,1) 
 0 1 70 120 2044 8 (D 0,1,1) (S 63,30,32) (S 1,27,27) (S 247,27,25) (S 54,24,25) (S 54,24,25) (S 242,24,20) (D 0,1,1) 
 0 1 71 118 2206 6 (D 0,1,1) (S 247,27,25) (S 242,24,20) (S 49,20,21) (S 231,16,15) (D 0,1,1) 
 0 1 72 116 2000 8 (D 0,1,1) (S 34,8,9) (S 40,10,15) (S 27,16,16) (S 230,15,10) (S 35,9,10) (S 35,9,10) (D 0,1,1) 
 0 1 73 112 2396 7 (D 0,1,1) (S 4,14,14) (S 237,19,10) (S 47,10,19) (S 14,10,10) (S 11,21,21) (D 0,1,1) 
 0 1 74 120 1958 5 (D 0,1,1) (S 3,25,25) (S 243,24,23) (S 62,26,31) (D 0,1,1) 
 0 1 75 116 2036 5 (D 0,1,1) (S 55,25,26) (S 252,31,26) (S 53,23,24) (D 0,1,1) 
 0 1 76 94 2320 5 (D 0,1,1) (S 221,6,5) (S 55,25,26) (S 56,23,26) (D 0,1,1) 
 0 1 77 110 2274 4 (D 0,1,1) (S 241,23,21) (S 241,23,21) (D 0,1,1) 
