13343
8
2069750
1379000
 0 1 1 1797 1413 10 (D 0,1,1) (S 1,2,2) (S None,2,7) (S 13,2,6) (S 6,11,11) (S 13,2,6) (S 28,11,12) (S None,12,15) (S None,17,16) (D 0,1,1) 
 0 1 2 1799 2307 13 (D 0,1,1) (S None,1,2) (S 22,7,12) (S 37,15,16) (S None,13,8) (S None,8,9) (S None,9,10) (S None,10,14) (S 32,13,14) (S 31,13,12) (S None,8,3) (S 26,10,5) (D 0,1,1) 
 0 1 3 1795 1333 7 (D 0,1,1) (S None,7,8) (S 5,10,10) (S 32,13,14) (S None,14,17) (S 47,20,19) (D 0,1,1) 
 0 1 4 1744 2873 11 (D 0,1,1) (S 29,12,7) (S 4,8,8) (S 26,10,5) (S 16,4,3) (S 16,4,3) (S 2,4,4) (S 18,5,4) (S 18,5,4) (S 45,19,18) (D 0,1,1) 
 0 1 5 1791 1461 8 (D 0,1,1) (S 28,11,12) (S 37,15,16) (S None,16,13) (S 9,17,17) (S 11,21,21) (S 38,15,19) (D 0,1,1) 
 0 1 6 1420 1621 7 (D 0,1,1) (S None,11,18) (S 45,19,18) (S 44,19,15) (S 8,16,16) (S None,20,21) (D 0,1,1) 
 0 1 7 1340 1407 5 (D 0,1,1) (S 3,5,5) (S 47,20,19) (S 7,15,15) (D 0,1,1) 
 0 1 8 470 928 3 (D 0,1,1) (S 10,19,19) (D 0,1,1) 
