450
10
1875000
1382499
 0 1 1 27 39 7 (D 0,1,1) (S 1,2,2) (S 37,12,13) (S 9,15,15) (S 31,16,17) (S 13,24,24) (D 0,1,1) 
 0 1 2 27 47 8 (D 0,1,1) (S 36,2,1) (S None,27,1) (S None,27,24) (S 28,23,26) (S 12,23,23) (S 14,25,25) (D 0,1,1) 
 0 1 3 27 71 7 (D 0,1,1) (S 19,1,19) (S 23,1,17) (S 7,13,13) (S 32,14,16) (S 20,6,7) (D 0,1,1) 
 0 1 4 26 38 5 (D 0,1,1) (S 2,3,3) (S None,10,6) (S 16,5,9) (D 0,1,1) 
 0 1 5 26 36 6 (D 0,1,1) (S 15,26,26) (S None,23,21) (S None,20,14) (S 10,18,18) (D 0,1,1) 
 0 1 6 26 43 5 (D 0,1,1) (S 24,3,8) (S None,9,8) (S 5,6,6) (D 0,1,1) 
 0 1 7 27 37 5 (D 0,1,1) (S 8,14,14) (S None,21,18) (S None,25,21) (D 0,1,1) 
 0 1 8 27 72 7 (D 0,1,1) (S None,23,22) (S 11,22,22) (S 27,21,22) (S None,21,20) (S 6,7,7) (D 0,1,1) 
 0 1 9 14 39 4 (D 0,1,1) (S 4,5,5) (S 34,10,11) (D 0,1,1) 
 0 1 10 22 28 3 (D 0,1,1) (S 3,4,4) (D 0,1,1) 
