320
7
799749
480499
 0 1 1 40 42 6 (D 0,1,1) (S 5,6,6) (S None,6,3) (S 22,3,8) (S None,9,7) (S None,9,1) 
 0 1 2 41 79 7 (D 0,1,1) (S None,6,1) (S 2,3,3) (S 15,1,8) (S 14,8,9) (S 13,4,2) (D 0,1,1) 
 0 1 3 40 62 8 (D 0,1,1) (S 20,3,7) (S 11,5,9) (S 6,7,7) (S 19,9,10) (S None,7,5) (S None,5,2) (D 0,1,1) 
 0 1 4 38 45 5 (D 0,1,1) (S None,3,2) (S 23,4,1) (S None,10,7) (D 0,1,1) 
 0 1 5 38 57 5 (D 0,1,1) (S 17,7,8) (S 18,8,10) (S 4,5,5) (D 0,1,1) 
 0 1 6 22 15 3 (D 0,1,1) (S 3,4,4) (D 0,1,1) 
 0 1 7 26 20 3 (D 0,1,1) (S 1,2,2) (D 0,1,1) 
