167691
36
14960000
14015749
 0 1 1 1595 4095 10 (D 0,1,1) (S 1,2,2) (S 125,3,2) (S 125,3,2) (S 2,3,3) (S 131,12,3) (S 132,12,19) (S None,18,27) (S None,11,9) (D 0,1,1) 
 0 1 2 1615 5083 7 (D 0,1,1) (S None,2,1) (S 58,2,9) (S None,11,10) (S 136,17,11) (S 162,35,27) (D 0,1,1) 
 0 1 3 1616 4640 9 (D 0,1,1) (S 6,8,8) (S 129,8,10) (S 130,10,17) (S 16,18,18) (S 23,27,27) (S None,18,11) (S 10,12,12) (D 0,1,1) 
 0 1 4 1607 3460 6 (D 0,1,1) (S None,8,1) (S 65,8,9) (S 9,11,11) (S 7,9,9) (D 0,1,1) 
 0 1 5 1594 4414 7 (D 0,1,1) (S 59,3,4) (S 11,13,13) (S 12,14,14) (S 70,13,14) (S None,30,25) (D 0,1,1) 
 0 1 6 1615 6183 9 (D 0,1,1) (S 126,3,12) (S 69,12,13) (S 73,14,15) (S 140,23,15) (S 140,23,15) (S 175,51,42) (S None,58,49) (D 0,1,1) 
 0 1 7 1577 4440 8 (D 0,1,1) (S 8,10,10) (S 15,17,17) (S 77,18,26) (S None,19,18) (S 87,27,28) (S 149,27,26) (D 0,1,1) 
 0 1 8 1599 5515 7 (D 0,1,1) (S 3,4,4) (S None,13,4) (S 71,13,19) (S 149,27,26) (S 150,29,19) (D 0,1,1) 
 0 1 9 1611 3779 9 (D 0,1,1) (S 4,5,5) (S 74,14,22) (S 26,31,31) (S 153,30,29) (S 34,39,39) (S 35,40,40) (S 100,39,40) (D 0,1,1) 
 0 1 10 1613 3733 7 (D 0,1,1) (S 5,6,6) (S 13,15,15) (S None,23,22) (S 155,31,22) (S None,31,30) (D 0,1,1) 
 0 1 11 1611 3147 7 (D 0,1,1) (S 14,16,16) (S 21,24,24) (S 28,33,33) (S 27,32,32) (S 159,33,24) (D 0,1,1) 
 0 1 12 1600 5325 8 (D 0,1,1) (S 17,19,19) (S 76,17,26) (S 22,26,26) (S 24,28,28) (S 170,43,46) (S 48,53,53) (D 0,1,1) 
 0 1 13 1612 5157 8 (D 0,1,1) (S 18,20,20) (S 85,25,31) (S 153,30,29) (S 166,39,29) (S 166,39,29) (S None,60,51) (D 0,1,1) 
 0 1 14 1614 5413 7 (D 0,1,1) (S 19,21,21) (S None,20,13) (S 133,14,5) (S 133,14,5) (S 49,54,54) (D 0,1,1) 
 0 1 15 1581 3948 7 (D 0,1,1) (S 20,22,22) (S 91,31,40) (S None,39,38) (S 32,37,37) (S 97,36,45) (D 0,1,1) 
 0 1 16 1568 4244 8 (D 0,1,1) (S 25,29,29) (S 167,39,48) (S 167,39,48) (S 42,47,47) (S 43,48,48) (S 53,58,58) (D 0,1,1) 
 0 1 17 1526 3633 7 (D 0,1,1) (S 29,34,34) (S 31,36,36) (S 40,45,45) (S 96,36,37) (S 38,43,43) (D 0,1,1) 
 0 1 18 1601 5422 7 (D 0,1,1) (S 30,35,35) (S 86,26,34) (S 163,36,34) (S 163,36,34) (S 50,55,55) (D 0,1,1) 
 0 1 19 1605 4827 6 (D 0,1,1) (S 33,38,38) (S None,37,28) (S 78,19,20) (S 101,40,41) (D 0,1,1) 
 0 1 20 1550 4319 7 (D 0,1,1) (S 36,41,41) (S 102,40,49) (S None,58,57) (S None,48,47) (S 113,48,57) (D 0,1,1) 
 0 1 21 1574 4660 7 (D 0,1,1) (S 37,42,42) (S 46,51,51) (S None,42,33) (S None,32,23) (S 128,7,16) (D 0,1,1) 
 0 1 22 1512 4538 7 (D 0,1,1) (S 39,44,44) (S None,43,37) (S 104,43,44) (S 170,43,46) (S 106,45,46) (D 0,1,1) 
 0 1 23 1565 4329 6 (D 0,1,1) (S 41,46,46) (S 107,45,52) (S None,54,52) (S 120,54,55) (D 0,1,1) 
 0 1 24 1583 3606 7 (D 0,1,1) (S 44,49,49) (S 179,58,59) (S 179,58,59) (S 55,60,60) (S None,51,50) (D 0,1,1) 
 0 1 25 1612 5278 7 (D 0,1,1) (S 45,50,50) (S None,41,32) (S 155,31,22) (S 156,31,32) (S 119,53,55) (D 0,1,1) 
 0 1 26 1611 5336 7 (D 0,1,1) (S 47,52,52) (S None,53,46) (S None,53,52) (S 177,55,56) (S 111,47,56) (D 0,1,1) 
 0 1 27 1614 4450 6 (D 0,1,1) (S 51,56,56) (S None,47,44) (S 108,46,47) (S None,44,38) (D 0,1,1) 
 0 1 28 1503 3560 5 (D 0,1,1) (S 52,57,57) (S 112,48,49) (S 114,49,50) (D 0,1,1) 
 0 1 29 1609 5144 8 (D 0,1,1) (S 54,59,59) (S None,60,59) (S 175,51,42) (S 160,33,32) (S 156,31,32) (S 168,41,50) (D 0,1,1) 
 0 1 30 1595 5186 6 (D 0,1,1) (S 60,4,5) (S None,6,5) (S 63,6,7) (S 143,24,23) (D 0,1,1) 
 0 1 31 1544 4735 8 (D 0,1,1) (S 64,6,15) (S 141,23,24) (S 160,33,32) (S 144,25,20) (S 144,25,20) (S 145,25,21) (D 0,1,1) 
 0 1 32 1468 5273 6 (D 0,1,1) (S 75,15,16) (S 142,24,16) (S 142,24,16) (S None,22,21) (D 0,1,1) 
 0 1 33 1504 5518 6 (D 0,1,1) (S 79,19,28) (S None,38,28) (S 164,38,37) (S 80,20,21) (D 0,1,1) 
 0 1 34 1432 4985 5 (D 0,1,1) (S 81,20,29) (S None,29,28) (S 116,50,59) (D 0,1,1) 
 0 1 35 1488 5146 5 (D 0,1,1) (S 94,34,35) (S None,37,35) (S 168,41,50) (D 0,1,1) 
 0 1 36 1561 5170 5 (D 0,1,1) (S 103,41,42) (S 121,56,57) (S 178,56,55) (D 0,1,1) 
