987
10
15273999
11359749
 0 1 1 70 62 17 (D 0,1,1) (S 7,9,9) (S None,14,9) (S 11,14,14) (S None,23,15) (S 18,23,23) (S 12,15,15) (S 61,23,28) (S 21,27,27) (S 48,28,29) (S 24,30,30) (S 98,29,23) (S 57,15,24) (S 99,23,29) (S 49,30,38) (S 62,37,29) (D 0,1,1) 
 0 1 2 70 107 17 (D 0,1,1) (S 8,10,10) (S 70,17,10) (S 70,17,10) (S 96,10,11) (S None,12,11) (S 9,12,12) (S 50,11,18) (S None,19,12) (S 94,11,6) (S 94,11,6) (S None,7,12) (S 5,7,7) (S 93,6,5) (S 41,2,5) (S 1,2,2) (D 0,1,1) 
 0 1 3 70 126 17 (D 0,1,1) (S None,10,5) (S 4,6,6) (S None,7,4) (S 113,3,2) (S 2,3,3) (S 105,4,3) (S 3,5,5) (S 76,5,1) (S 74,15,16) (S 78,1,5) (S 89,1,16) (S 74,15,16) (S 115,23,24) (S None,30,24) (S 104,38,36) (D 0,1,1) 
 0 1 4 70 120 19 (D 0,1,1) (S 13,16,16) (S 23,29,29) (S 67,30,17) (S None,18,17) (S 15,18,18) (S 95,19,32) (S 72,31,39) (S None,30,39) (S 72,31,39) (S None,38,37) (S 30,38,38) (S 62,37,29) (S None,29,24) (S 71,14,22) (S 71,14,22) (S None,13,8) (S 46,21,22) (D 0,1,1) 
 0 1 5 70 89 12 (D 0,1,1) (S 86,16,17) (S 25,31,31) (S 88,32,31) (S 42,32,40) (S 26,32,32) (S 31,39,39) (S 47,38,46) (S 66,45,44) (S 104,38,36) (S None,36,28) (D 0,1,1) 
 0 1 6 69 93 15 (D 0,1,1) (S 10,13,13) (S 58,21,26) (S 114,25,20) (S 112,13,22) (S 16,20,20) (S 75,25,33) (S 80,25,26) (S 80,25,26) (S 75,25,33) (S 20,26,26) (S 107,27,35) (S None,36,35) (S 109,43,44) (D 0,1,1) 
 0 1 7 68 103 9 (D 0,1,1) (S 19,24,24) (S None,24,17) (S 14,17,17) (S 101,39,47) (S 101,39,47) (S 54,36,44) (S 34,43,43) (D 0,1,1) 
 0 1 8 69 92 11 (D 0,1,1) (S 22,28,28) (S 17,22,22) (S 6,8,8) (S 27,33,33) (S 97,33,34) (S 29,35,35) (S 108,43,48) (S 64,49,45) (S 64,49,45) (D 0,1,1) 
 0 1 9 68 115 14 (D 0,1,1) (S 28,34,34) (S 33,42,42) (S 32,41,41) (S 108,43,48) (S 65,49,48) (S 65,49,48) (S 38,49,49) (S None,50,46) (S 43,45,50) (S 36,46,46) (S 39,50,50) (S 81,44,43) (D 0,1,1) 
 0 1 10 30 80 5 (D 0,1,1) (S 37,47,47) (S 35,44,44) (S None,48,45) (D 0,1,1) 
