113202
26
4810999
4174249
 0 1 1 1638 3779 10 (D 0,1,1) (S 2,16,16) (S None,25,16) (S 3,25,25) (S None,16,1) (S 32,16,17) (S None,26,25) (S None,26,17) (S 106,34,43) (D 0,1,1) 
 0 1 2 1622 3800 6 (D 0,1,1) (S 49,25,34) (S 79,43,44) (S None,35,26) (S 52,27,36) (D 0,1,1) 
 0 1 3 1621 5872 8 (D 0,1,1) (S None,2,1) (S 7,2,3) (S 8,2,9) (S None,18,17) (S 102,19,20) (S 99,7,14) (D 0,1,1) 
 0 1 4 1593 3243 5 (D 0,1,1) (S None,10,3) (S None,10,9) (S 36,18,19) (D 0,1,1) 
 0 1 5 1565 3531 7 (D 0,1,1) (S 21,10,19) (S None,20,10) (S 100,10,11) (S 12,4,11) (S None,4,3) (D 0,1,1) 
 0 1 6 1603 4064 6 (D 0,1,1) (S 104,26,27) (S None,36,35) (S None,44,35) (S 68,36,37) (D 0,1,1) 
 0 1 7 1604 4417 6 (D 0,1,1) (S None,20,11) (S 11,4,5) (S 13,4,12) (S 41,22,23) (D 0,1,1) 
 0 1 8 1649 3720 7 (D 0,1,1) (S 38,20,21) (S 4,30,30) (S None,21,12) (S 103,22,21) (S None,30,21) (D 0,1,1) 
 0 1 9 1561 4317 6 (D 0,1,1) (S 39,20,29) (S None,38,29) (S 71,38,39) (S 57,30,31) (D 0,1,1) 
 0 1 10 1566 4901 7 (D 0,1,1) (S 37,19,28) (S 51,27,28) (S 105,27,18) (S 20,9,18) (S 1,12,12) (D 0,1,1) 
 0 1 11 1611 5103 7 (D 0,1,1) (S 65,34,35) (S 81,44,45) (S 69,36,45) (S None,52,51) (S 95,52,53) (D 0,1,1) 
 0 1 12 1591 4819 6 (D 0,1,1) (S 80,43,50) (S None,51,44) (S 83,45,46) (S None,38,37) (D 0,1,1) 
 0 1 13 1509 4020 5 (D 0,1,1) (S 14,5,6) (S 17,7,8) (S None,14,13) (D 0,1,1) 
 0 1 14 1591 5055 6 (D 0,1,1) (S 15,5,12) (S None,22,12) (S None,22,13) (S 47,24,33) (D 0,1,1) 
 0 1 15 1570 4550 6 (D 0,1,1) (S 16,6,13) (S 101,14,6) (S 28,14,15) (S 18,8,15) (D 0,1,1) 
 0 1 16 1643 4440 6 (D 0,1,1) (S 29,14,23) (S 42,22,31) (S None,32,22) (S None,24,14) (D 0,1,1) 
 0 1 17 1526 4185 6 (D 0,1,1) (S 31,15,24) (S None,33,32) (S 59,31,40) (S 91,48,55) (D 0,1,1) 
 0 1 18 1612 4881 7 (D 0,1,1) (S 44,23,24) (S 64,33,42) (S None,49,42) (S None,49,48) (S None,55,54) (D 0,1,1) 
 0 1 19 1624 4172 5 (D 0,1,1) (S 45,23,32) (S None,32,24) (S 61,32,40) (D 0,1,1) 
 0 1 20 1506 4734 6 (D 0,1,1) (S 53,28,29) (S 72,38,46) (S None,53,46) (S 96,53,54) (D 0,1,1) 
 0 1 21 1558 4497 6 (D 0,1,1) (S 54,28,37) (S 73,38,47) (S None,54,47) (S 70,37,46) (D 0,1,1) 
 0 1 22 1548 4148 5 (D 0,1,1) (S 55,29,30) (S 62,32,41) (S None,40,39) (D 0,1,1) 
 0 1 23 1517 4935 7 (D 0,1,1) (S 58,30,39) (S 75,40,41) (S 76,40,48) (S 98,55,56) (S 92,49,56) (D 0,1,1) 
 0 1 24 1333 4660 5 (D 0,1,1) (S 63,32,42) (S 77,41,42) (S None,48,47) (D 0,1,1) 
 0 1 25 1194 3375 4 (D 0,1,1) (S 84,45,52) (S None,51,50) (D 0,1,1) 
 0 1 26 1247 3984 4 (D 0,1,1) (S 85,46,47) (S 86,46,52) (D 0,1,1) 
