433
10
1760500
1231249
 0 1 1 27 43 7 (D 0,1,1) (S 24,2,12) (S 25,2,1) (S None,27,26) (S 38,23,26) (S None,23,22) (D 0,1,1) 
 0 1 2 27 65 10 (D 0,1,1) (S 37,1,27) (S None,26,25) (S None,18,14) (S 31,13,15) (S 10,13,14) (S None,13,12) (S 6,15,15) (S 30,16,17) (D 0,1,1) 
 0 1 3 27 34 6 (D 0,1,1) (S 7,17,17) (S None,15,1) (S None,19,1) (S None,17,15) (D 0,1,1) 
 0 1 4 25 45 6 (D 0,1,1) (S 9,24,24) (S 23,23,24) (S None,22,21) (S 32,22,25) (D 0,1,1) 
 0 1 5 27 33 5 (D 0,1,1) (S 1,3,3) (S None,6,5) (S 3,5,5) (D 0,1,1) 
 0 1 6 26 75 7 (D 0,1,1) (S 13,3,8) (S None,9,8) (S 21,6,8) (S None,10,4) (S 16,10,11) (D 0,1,1) 
 0 1 7 24 35 5 (D 0,1,1) (S 5,14,14) (S 17,21,25) (S None,25,18) (D 0,1,1) 
 0 1 8 25 39 4 (D 0,1,1) (S 4,6,6) (S 28,7,11) (D 0,1,1) 
 0 1 9 23 36 5 (D 0,1,1) (S 8,21,21) (S None,21,20) (S None,21,18) (D 0,1,1) 
 0 1 10 18 28 3 (D 0,1,1) (S 2,4,4) (D 0,1,1) 
