323
7
1934749
1384249
 0 1 1 20 18 6 (D 0,1,1) (S 1,3,3) (S None,4,2) (S 2,4,4) (S None,2,1) (S None,3,1) 
 0 1 2 20 50 9 (D 0,1,1) (S 3,5,5) (S 20,10,11) (S None,12,11) (S 8,12,12) (S None,11,5) (S 13,19,19) (S None,12,13) (D 0,1,1) 
 0 1 3 20 44 9 (D 0,1,1) (S 33,5,6) (S 26,12,6) (S 26,12,6) (S 18,11,15) (S 27,16,15) (S 11,16,16) (S 10,15,15) (D 0,1,1) 
 0 1 4 20 45 7 (D 0,1,1) (S 22,10,20) (S 38,23,20) (S 31,23,24) (S None,21,15) (S 9,13,13) (D 0,1,1) 
 0 1 5 20 66 7 (D 0,1,1) (S 7,9,9) (S 35,22,19) (S 14,20,20) (S 16,22,22) (S 30,17,18) (D 0,1,1) 
 0 1 6 19 44 6 (D 0,1,1) (S 4,6,6) (S 36,13,14) (S 34,8,7) (S 6,8,8) (D 0,1,1) 
 0 1 7 18 56 7 (D 0,1,1) (S 5,7,7) (S 24,14,18) (S 12,18,18) (S 15,21,21) (S None,24,21) (D 0,1,1) 
