24110
14
7487499
6203250
 0 1 1 305 1701 15 (D 0,1,1) (S 92,2,1) (S 42,2,3) (S 43,2,4) (S 92,2,1) (S 42,2,3) (S 43,2,4) (S 44,4,5) (S 10,6,6) (S 95,5,4) (S 137,69,59) (S 137,69,59) (S 71,50,52) (S 71,50,52) (D 0,1,1) 
 0 1 2 305 1381 10 (D 0,1,1) (S 87,4,69) (S 34,59,59) (S 138,69,4) (S 36,69,69) (S 127,59,58) (S 142,59,44) (S 72,52,54) (S 141,51,21) (D 0,1,1) 
 0 1 3 305 1256 9 (D 0,1,1) (S 136,69,58) (S 128,59,11) (S 96,10,9) (S 96,10,9) (S 5,10,10) (S 77,11,59) (S 136,69,58) (D 0,1,1) 
 0 1 4 304 1431 20 (D 0,1,1) (S 127,59,58) (S 142,59,44) (S 115,45,44) (S 115,45,44) (S 6,45,45) (S 116,46,44) (S 116,46,44) (S 66,46,47) (S 119,49,47) (S 119,49,47) (S 37,49,49) (S 120,50,49) (S 120,50,49) (S 9,50,50) (S 13,52,52) (S 121,51,49) (S 72,52,54) (S 141,51,21) (D 0,1,1) 
 0 1 5 300 1632 17 (D 0,1,1) (S 17,11,11) (S 46,11,12) (S 140,76,20) (S 140,76,20) (S 102,18,15) (S 100,14,13) (S 100,14,13) (S 4,14,14) (S 51,15,18) (S 104,20,19) (S 121,51,49) (S 117,47,46) (S 67,47,48) (S 67,47,48) (S 55,21,22) (D 0,1,1) 
 0 1 6 300 1974 13 (D 0,1,1) (S 24,58,58) (S 129,60,58) (S 129,60,58) (S 79,60,61) (S 80,60,62) (S 134,66,62) (S 134,66,62) (S 84,66,68) (S 84,66,68) (S 131,62,60) (S 124,56,55) (D 0,1,1) 
 0 1 7 305 1519 9 (D 0,1,1) (S 126,58,57) (S 74,42,57) (S 74,42,57) (S 63,43,44) (S 114,44,43) (S 23,41,41) (S 124,56,55) (D 0,1,1) 
 0 1 8 302 1490 13 (D 0,1,1) (S 46,11,12) (S 30,12,12) (S 47,12,16) (S 16,13,13) (S 32,15,15) (S 50,15,17) (S 50,15,17) (S 48,13,16) (S 48,13,16) (S 98,16,12) (S 40,19,19) (D 0,1,1) 
 0 1 9 303 1682 10 (D 0,1,1) (S 126,58,57) (S 28,43,43) (S 113,41,35) (S 20,39,39) (S 62,35,41) (S 112,35,32) (S 110,33,32) (S 19,27,27) (D 0,1,1) 
 0 1 10 304 2242 13 (D 0,1,1) (S 79,60,61) (S 81,62,63) (S 132,63,62) (S 14,63,63) (S 82,63,65) (S 82,63,65) (S 38,65,65) (S 8,55,55) (S 26,57,57) (S 11,61,61) (S 31,68,68) (D 0,1,1) 
 0 1 11 293 1620 14 (D 0,1,1) (S 7,48,48) (S 105,21,19) (S 1,54,54) (S 105,21,19) (S 55,21,22) (S 27,24,24) (S 21,22,22) (S 56,22,75) (S 107,75,22) (S 139,75,23) (S 88,23,75) (S 25,28,28) (D 0,1,1) 
 0 1 12 301 1956 10 (D 0,1,1) (S 104,20,19) (S 103,19,18) (S 52,18,19) (S 29,29,29) (S 2,23,23) (S 57,23,31) (S 108,31,23) (S 59,32,33) (D 0,1,1) 
 0 1 13 305 2467 11 (D 0,1,1) (S 39,16,16) (S 12,72,72) (S 35,73,73) (S 33,74,74) (S 3,70,70) (S 58,31,32) (S 111,34,32) (S 111,34,32) (S 15,34,34) (D 0,1,1) 
 0 1 14 205 1759 6 (D 0,1,1) (S 112,35,32) (S 22,36,36) (S 109,32,31) (S 18,38,38) (D 0,1,1) 
