14040
11
4091250
2996249
 0 1 1 1945 1071 12 (D 0,1,1) (S 1,2,2) (S 2,4,4) (S None,4,5) (S None,14,15) (S None,23,22) (S 20,23,23) (S 12,15,15) (S None,16,15) (S 64,33,24) (S 62,30,31) (D 0,1,1) 
 0 1 2 1946 1762 11 (D 0,1,1) (S 39,2,12) (S 18,21,21) (S None,30,29) (S 33,38,38) (S None,28,37) (S 26,29,29) (S None,28,29) (S None,28,20) (S 72,43,36) (D 0,1,1) 
 0 1 3 1925 1225 9 (D 0,1,1) (S 42,2,1) (S 11,13,13) (S 10,12,12) (S None,11,1) (S 3,5,5) (S 40,22,31) (S None,40,41) (D 0,1,1) 
 0 1 4 1929 998 9 (D 0,1,1) (S 44,5,6) (S 5,7,7) (S 7,9,9) (S 14,17,17) (S None,18,19) (S 59,27,19) (S 16,19,19) (D 0,1,1) 
 0 1 5 1938 1359 10 (D 0,1,1) (S 44,5,6) (S None,16,6) (S 4,6,6) (S 47,8,10) (S 24,27,27) (S None,18,26) (S 31,35,35) (S 23,26,26) (D 0,1,1) 
 0 1 6 1932 1182 9 (D 0,1,1) (S None,12,11) (S 27,30,30) (S 34,39,39) (S 62,30,31) (S 35,40,40) (S 28,31,31) (S None,33,41) (D 0,1,1) 
 0 1 7 1899 786 8 (D 0,1,1) (S 19,22,22) (S 21,24,24) (S 13,16,16) (S 64,33,24) (S 29,32,32) (S None,32,33) (D 0,1,1) 
 0 1 8 1882 1338 8 (D 0,1,1) (S 9,11,11) (S None,20,11) (S 17,20,20) (S 25,28,28) (S 36,41,41) (S 37,42,42) (D 0,1,1) 
 0 1 9 1693 1515 7 (D 0,1,1) (S 30,33,33) (S 71,42,43) (S 32,36,36) (S None,34,33) (S 71,42,43) (D 0,1,1) 
 0 1 10 1786 1451 7 (D 0,1,1) (S 15,18,18) (S 56,25,26) (S 67,36,43) (S None,34,25) (S 22,25,25) (D 0,1,1) 
 0 1 11 1048 1353 5 (D 0,1,1) (S 8,10,10) (S 6,8,8) (S 38,43,43) (D 0,1,1) 
