133
6
875750
528500
 0 1 1 24 16 7 (D 0,1,1) (S 2,3,3) (S 6,8,8) (S None,8,4) (S 8,7,8) (S 12,1,3) (D 0,1,1) 
 0 1 2 24 31 6 (D 0,1,1) (S None,8,5) (S None,7,3) (S 14,3,8) (S None,4,3) (D 0,1,1) 
 0 1 3 24 40 11 (D 0,1,1) (S None,8,2) (S 3,4,4) (S None,7,4) (S 15,2,7) (S 7,4,6) (S 16,2,4) (S 20,4,5) (S None,7,1) (S 21,1,6) (D 0,1,1) 
 0 1 4 19 30 6 (D 0,1,1) (S 24,6,7) (S 4,5,5) (S 13,5,6) (S 23,2,6) (D 0,1,1) 
 0 1 5 17 8 3 (D 0,1,1) (S 1,2,2) (D 0,1,1) 
 0 1 6 8 8 3 (D 0,1,1) (S 5,6,6) (D 0,1,1) 
