6537
24
35440999
31964000
 0 1 1 75 225 12 (D 0,1,1) (S 14,6,6) (S 38,1,6) (S 145,12,6) (S 38,1,6) (S 145,12,6) (S 37,1,5) (S 142,11,5) (S 142,11,5) (S 58,11,12) (S 13,19,19) (D 0,1,1) 
 0 1 2 75 256 13 (D 0,1,1) (S 141,6,5) (S 58,11,12) (S 146,13,6) (S 37,1,5) (S 4,11,11) (S 16,12,12) (S 146,13,6) (S 36,1,2) (S 144,7,6) (S 60,12,13) (S 21,16,16) (D 0,1,1) 
 0 1 3 75 316 11 (D 0,1,1) (S 141,6,5) (S 59,11,19) (S 143,18,5) (S 59,11,19) (S 143,18,5) (S 36,1,2) (S 144,7,6) (S 60,12,13) (S 25,43,43) (D 0,1,1) 
 0 1 4 75 292 14 (D 0,1,1) (S 20,5,5) (S 61,12,20) (S 61,12,20) (S 160,21,13) (S 159,14,13) (S 159,14,13) (S 18,14,14) (S 161,15,14) (S 161,15,14) (S 152,15,9) (S 147,8,7) (S 34,37,37) (D 0,1,1) 
 0 1 5 74 236 13 (D 0,1,1) (S 148,13,7) (S 40,2,7) (S 40,2,7) (S 147,8,7) (S 39,2,3) (S 149,9,8) (S 51,7,13) (S 150,14,8) (S 149,9,8) (S 55,9,15) (S 150,14,8) (D 0,1,1) 
 0 1 6 75 327 13 (D 0,1,1) (S 63,13,21) (S 24,20,20) (S 173,21,20) (S 173,21,20) (S 78,21,22) (S 164,23,15) (S 65,14,22) (S 164,23,15) (S 65,14,22) (S 26,23,23) (S 1,46,46) (D 0,1,1) 
 0 1 7 75 260 11 (D 0,1,1) (S 39,2,3) (S 7,9,9) (S 2,8,8) (S 139,9,3) (S 54,9,10) (S 138,4,3) (S 56,9,16) (S 66,15,16) (S 196,32,31) (D 0,1,1) 
 0 1 8 75 217 11 (D 0,1,1) (S 171,20,19) (S 71,18,19) (S 71,18,19) (S 22,18,18) (S 74,19,20) (S 79,21,27) (S 174,30,20) (S 78,21,22) (S 177,23,22) (D 0,1,1) 
 0 1 9 73 210 12 (D 0,1,1) (S 77,20,30) (S 172,26,19) (S 72,18,26) (S 187,30,27) (S 187,30,27) (S 185,30,26) (S 185,30,26) (S 19,30,30) (S 172,26,19) (S 73,18,29) (D 0,1,1) 
 0 1 10 75 283 14 (D 0,1,1) (S 79,21,27) (S 98,30,34) (S 98,30,34) (S 205,40,34) (S 205,40,34) (S 202,40,33) (S 186,34,26) (S 170,29,18) (S 72,18,26) (S 184,29,26) (S 184,29,26) (S 117,40,41) (D 0,1,1) 
 0 1 11 75 287 12 (D 0,1,1) (S 66,15,16) (S 179,24,23) (S 80,22,23) (S 27,22,22) (S 83,23,31) (S 182,32,24) (S 181,25,24) (S 181,25,24) (S 167,25,17) (S 94,28,32) (D 0,1,1) 
 0 1 12 75 311 11 (D 0,1,1) (S 139,9,3) (S 54,9,10) (S 138,4,3) (S 56,9,16) (S 179,24,23) (S 81,22,31) (S 182,32,24) (S 167,25,17) (S 86,25,28) (D 0,1,1) 
 0 1 13 75 265 12 (D 0,1,1) (S 12,3,3) (S 43,4,10) (S 43,4,10) (S 165,17,16) (S 166,24,16) (S 166,24,16) (S 15,24,24) (S 86,25,28) (S 196,32,31) (S 197,37,31) (D 0,1,1) 
 0 1 14 75 260 11 (D 0,1,1) (S 6,27,27) (S 3,26,26) (S 96,29,33) (S 186,34,26) (S 97,29,39) (S 193,33,29) (S 194,39,29) (S 11,39,39) (S 107,34,35) (D 0,1,1) 
 0 1 15 74 250 12 (D 0,1,1) (S 91,27,31) (S 197,37,31) (S 208,37,36) (S 208,37,36) (S 198,37,32) (S 94,28,32) (S 29,28,28) (S 31,32,32) (S 95,28,38) (S 124,43,45) (D 0,1,1) 
 0 1 16 74 318 17 (D 0,1,1) (S 92,27,35) (S 200,34,33) (S 200,34,33) (S 107,34,35) (S 207,41,35) (S 207,41,35) (S 214,41,40) (S 215,47,40) (S 215,47,40) (S 226,47,46) (S 130,47,48) (S 119,41,42) (S 220,44,42) (S 126,44,49) (S 120,41,48) (D 0,1,1) 
 0 1 17 74 270 10 (D 0,1,1) (S 93,27,36) (S 113,37,38) (S 211,43,37) (S 190,36,27) (S 189,35,27) (S 32,35,35) (S 121,41,49) (S 119,41,42) (D 0,1,1) 
 0 1 18 74 260 13 (D 0,1,1) (S 91,27,31) (S 102,32,38) (S 211,43,37) (S 206,36,35) (S 120,41,48) (S 121,41,49) (S 220,44,42) (S 126,44,49) (S 9,44,44) (S 209,42,36) (S 30,42,42) (D 0,1,1) 
 0 1 19 72 292 11 (D 0,1,1) (S 83,23,31) (S 198,37,32) (S 95,28,38) (S 219,43,42) (S 127,44,50) (S 221,45,43) (S 213,45,38) (S 219,43,42) (S 127,44,50) (D 0,1,1) 
 0 1 20 75 319 12 (D 0,1,1) (S 81,22,31) (S 102,32,38) (S 212,43,38) (S 125,43,50) (S 128,45,50) (S 213,45,38) (S 212,43,38) (S 125,43,50) (S 128,45,50) (S 209,42,36) (D 0,1,1) 
 0 1 21 70 315 9 (D 0,1,1) (S 68,16,17) (S 8,10,10) (S 57,10,17) (S 57,10,17) (S 35,17,17) (S 28,31,31) (S 113,37,38) (D 0,1,1) 
 0 1 22 73 300 11 (D 0,1,1) (S 109,35,36) (S 23,36,36) (S 227,48,47) (S 202,40,33) (S 201,39,33) (S 201,39,33) (S 226,47,46) (S 5,33,33) (S 203,46,33) (D 0,1,1) 
 0 1 23 69 279 8 (D 0,1,1) (S 106,33,46) (S 17,48,48) (S 131,48,49) (S 131,48,49) (S 10,49,49) (S 132,49,50) (D 0,1,1) 
 0 1 24 23 189 4 (D 0,1,1) (S 132,49,50) (S 33,38,38) (D 0,1,1) 
