449
10
1950250
1336249
 0 1 1 27 49 8 (D 0,1,1) (S 1,2,2) (S 17,1,27) (S 35,8,27) (S 5,8,8) (S None,27,26) (S None,23,21) (D 0,1,1) 
 0 1 2 27 48 7 (D 0,1,1) (S 15,2,12) (S None,19,1) (S None,27,24) (S 11,24,24) (S 36,6,7) (D 0,1,1) 
 0 1 3 27 58 8 (D 0,1,1) (S 12,8,24) (S None,8,3) (S 31,6,8) (S None,24,23) (S 23,25,26) (S 41,23,26) (D 0,1,1) 
 0 1 4 27 57 9 (D 0,1,1) (S None,17,15) (S None,20,15) (S 8,20,20) (S 9,21,21) (S 18,21,25) (S None,14,13) (S 32,14,16) (D 0,1,1) 
 0 1 5 27 27 5 (D 0,1,1) (S None,15,13) (S 6,14,14) (S 7,16,16) (D 0,1,1) 
 0 1 6 25 51 8 (D 0,1,1) (S 44,1,15) (S None,21,18) (S None,25,18) (S None,13,12) (S 21,12,19) (S 40,4,19) (D 0,1,1) 
 0 1 7 27 34 6 (D 0,1,1) (S 19,1,3) (S None,6,3) (S 3,6,6) (S 4,7,7) (D 0,1,1) 
 0 1 8 27 52 7 (D 0,1,1) (S None,17,1) (S 42,3,4) (S None,10,4) (S 30,5,9) (S None,10,6) (D 0,1,1) 
 0 1 9 25 27 4 (D 0,1,1) (S 2,4,4) (S 39,10,11) (D 0,1,1) 
 0 1 10 19 46 4 (D 0,1,1) (S None,6,5) (S 10,22,22) (D 0,1,1) 
