1008
10
3327249
2406749
 0 1 1 50 102 14 (D 0,1,1) (S 1,2,2) (S 61,1,2) (S 61,1,2) (S 27,1,31) (S None,5,31) (S 4,5,5) (S None,31,28) (S None,31,6) (S 34,5,10) (S 39,14,10) (S 39,14,10) (S 3,4,4) (D 0,1,1) 
 0 1 2 50 102 9 (D 0,1,1) (S 50,2,3) (S 33,9,13) (S None,12,8) (S 50,2,3) (S 44,9,4) (S None,13,4) (S 8,12,12) (D 0,1,1) 
 0 1 3 50 87 11 (D 0,1,1) (S None,31,29) (S 16,27,27) (S None,26,28) (S 43,5,6) (S 34,5,10) (S 9,14,14) (S 30,10,11) (S 49,12,11) (S None,12,13) (D 0,1,1) 
 0 1 4 49 83 9 (D 0,1,1) (S None,30,1) (S 17,30,30) (S 64,29,30) (S 59,29,28) (S 15,26,26) (S None,27,24) (S 5,6,6) (D 0,1,1) 
 0 1 5 49 85 7 (D 0,1,1) (S 7,8,8) (S 2,3,3) (S 20,3,4) (S 18,13,19) (S 51,18,12) (D 0,1,1) 
 0 1 6 50 120 8 (D 0,1,1) (S 52,7,8) (S 49,12,11) (S 56,12,18) (S 53,21,18) (S 19,21,22) (S 12,18,18) (D 0,1,1) 
 0 1 7 48 124 8 (D 0,1,1) (S 6,7,7) (S 38,7,6) (S 42,11,6) (S 42,11,6) (S 62,17,11) (S None,14,15) (D 0,1,1) 
 0 1 8 48 123 9 (D 0,1,1) (S 58,10,16) (S 55,17,16) (S 10,15,15) (S 11,16,16) (S 37,23,26) (S None,24,23) (S None,25,23) (D 0,1,1) 
 0 1 9 45 136 6 (D 0,1,1) (S None,21,19) (S 22,20,22) (S 13,19,19) (S 35,19,22) (D 0,1,1) 
 0 1 10 12 46 3 (D 0,1,1) (S 14,25,25) (D 0,1,1) 
