1152
9
37346500
35618750
 0 1 1 64 102 11 (D 0,1,1) (S 1,2,2) (S 36,1,35) (S None,34,33) (S 39,1,6) (S 31,2,36) (S 56,37,3) (S None,4,3) (S 2,4,4) (S 66,2,3) (D 0,1,1) 
 0 1 2 65 162 13 (D 0,1,1) (S 55,2,6) (S 43,12,6) (S 75,12,11) (S 60,1,11) (S 78,1,40) (S 6,8,8) (S 80,9,8) (S 50,9,10) (S 68,15,9) (S 65,16,10) (S 72,13,18) (D 0,1,1) 
 0 1 3 65 55 8 (D 0,1,1) (S 19,33,33) (S 76,26,33) (S 16,26,26) (S 17,27,27) (S 20,34,34) (S 48,27,28) (D 0,1,1) 
 0 1 4 64 112 12 (D 0,1,1) (S 30,8,14) (S None,15,14) (S 63,15,16) (S None,16,11) (S 44,8,40) (S 24,40,40) (S 4,6,6) (S 9,12,12) (S 51,6,7) (S 72,13,18) (D 0,1,1) 
 0 1 5 65 118 15 (D 0,1,1) (S 8,11,11) (S 28,12,17) (S 10,13,13) (S 54,7,6) (S 5,7,7) (S None,7,3) (S 56,37,3) (S 47,37,30) (S 53,31,37) (S 58,38,37) (S 58,38,37) (S 22,38,38) (S 81,22,21) (D 0,1,1) 
 0 1 6 64 128 10 (D 0,1,1) (S 7,10,10) (S 13,18,18) (S 29,18,22) (S 82,21,22) (S 52,21,20) (S 12,17,17) (S 33,18,19) (S 25,22,25) (D 0,1,1) 
 0 1 7 63 148 12 (D 0,1,1) (S 21,35,35) (S 49,28,35) (S 49,28,35) (S 69,28,27) (S 41,35,36) (S 73,37,36) (S 73,37,36) (S None,38,39) (S 70,5,39) (S 23,39,39) (D 0,1,1) 
 0 1 8 63 194 10 (D 0,1,1) (S None,36,29) (S None,30,29) (S 45,30,31) (S 45,30,31) (S 18,31,31) (S 62,32,31) (S None,39,32) (S 67,21,24) (D 0,1,1) 
 0 1 9 46 133 9 (D 0,1,1) (S 11,16,16) (S 3,5,5) (S 67,21,24) (S None,23,20) (S 15,23,23) (S 38,24,25) (S 14,20,20) (D 0,1,1) 
