830
8
3134750
2243999
 0 1 1 45 104 9 (D 0,1,1) (S 2,5,5) (S 27,4,5) (S 27,4,5) (S None,4,3) (S 32,1,9) (S 15,3,9) (S 31,16,17) (D 0,1,1) 
 0 1 2 45 115 7 (D 0,1,1) (S None,5,2) (S 18,5,11) (S 28,1,19) (S 23,22,23) (S 31,16,17) (D 0,1,1) 
 0 1 3 45 89 9 (D 0,1,1) (S None,5,6) (S 29,12,11) (S None,1,11) (S 11,20,20) (S None,15,20) (S 8,15,15) (S 5,10,10) (D 0,1,1) 
 0 1 4 45 137 8 (D 0,1,1) (S 24,19,20) (S 37,15,21) (S 25,24,21) (S None,24,23) (S 36,20,21) (S 26,17,13) (D 0,1,1) 
 0 1 5 45 106 8 (D 0,1,1) (S 6,11,11) (S None,11,6) (S 7,12,12) (S 47,16,15) (S 46,21,15) (S 9,17,17) (D 0,1,1) 
 0 1 6 44 87 9 (D 0,1,1) (S 40,9,19) (S 40,9,19) (S 22,3,10) (S 1,2,2) (S 3,6,6) (S None,12,17) (S 38,13,17) (D 0,1,1) 
 0 1 7 44 98 7 (D 0,1,1) (S 10,19,19) (S 12,21,21) (S 35,6,7) (S 43,8,14) (S 45,18,17) (D 0,1,1) 
 0 1 8 45 94 7 (D 0,1,1) (S 4,7,7) (S 43,8,14) (S None,18,14) (S 17,7,13) (S 13,13,14) (D 0,1,1) 
