992
9
6899750
4661999
 0 1 1 65 87 16 (D 0,1,1) (S 1,2,2) (S None,1,2) (S 4,6,6) (S 30,2,36) (S 52,37,3) (S None,4,3) (S 5,7,7) (S 2,3,3) (S 36,7,13) (S 64,18,13) (S 70,3,37) (S None,38,37) (S 25,38,38) (S 72,39,5) (D 0,1,1) 
 0 1 2 65 117 10 (D 0,1,1) (S 6,8,8) (S None,9,8) (S None,9,10) (S 7,9,9) (S 8,10,10) (S 62,15,9) (S 68,1,40) (S 15,22,22) (D 0,1,1) 
 0 1 3 64 69 9 (D 0,1,1) (S 21,33,33) (S 29,1,6) (S 10,12,12) (S 50,11,12) (S 75,12,11) (S 35,1,35) (S None,34,33) (D 0,1,1) 
 0 1 4 65 120 10 (D 0,1,1) (S 44,8,40) (S 71,1,11) (S 65,33,26) (S 39,27,34) (S 22,35,35) (S 49,34,35) (S 37,35,36) (S 63,37,30) (D 0,1,1) 
 0 1 5 64 98 10 (D 0,1,1) (S 65,33,26) (S 18,27,27) (S 55,28,35) (S 19,28,28) (S 17,26,26) (S 27,40,40) (S 9,11,11) (S 57,16,15) (D 0,1,1) 
 0 1 6 64 160 10 (D 0,1,1) (S 33,11,16) (S None,15,14) (S 48,15,16) (S 12,16,16) (S 61,20,17) (S 76,17,13) (S 28,18,19) (S 34,22,25) (D 0,1,1) 
 0 1 7 64 125 11 (D 0,1,1) (S 3,4,4) (S 45,38,39) (S 67,5,4) (S 24,37,37) (S 58,31,37) (S 23,36,36) (S None,36,29) (S None,30,29) (S 51,30,31) (D 0,1,1) 
 0 1 8 63 102 11 (D 0,1,1) (S 11,13,13) (S 13,18,18) (S None,22,21) (S 60,24,21) (S 69,21,24) (S 16,23,23) (S 38,24,25) (S 74,21,20) (S 26,39,39) (D 0,1,1) 
 0 1 9 45 114 7 (D 0,1,1) (S 20,31,31) (S None,39,32) (S 72,39,5) (S 47,32,31) (S 14,20,20) (D 0,1,1) 
