397
10
2496000
1590249
 0 1 1 27 49 10 (D 0,1,1) (S 11,19,19) (S 16,4,19) (S 17,12,19) (S 21,12,13) (S None,14,13) (S 8,14,14) (S 37,15,20) (S 23,25,26) (D 0,1,1) 
 0 1 2 27 8 4 (D 0,1,1) (S 3,4,4) (S 4,5,5) (D 0,1,1) 
 0 1 3 27 45 7 (D 0,1,1) (S None,4,3) (S None,6,5) (S 34,10,11) (S 38,6,7) (S 20,6,8) (S None,27,1) 
 0 1 4 27 47 7 (D 0,1,1) (S 25,1,17) (S 31,1,15) (S None,20,14) (S 10,18,18) (S None,26,23) (D 0,1,1) 
 0 1 5 27 38 6 (D 0,1,1) (S 1,2,2) (S 7,13,13) (S 35,14,21) (S None,25,21) (D 0,1,1) 
 0 1 6 27 69 7 (D 0,1,1) (S None,27,26) (S None,23,21) (S 33,20,21) (S None,25,22) (S 9,16,16) (D 0,1,1) 
 0 1 7 27 30 5 (D 0,1,1) (S 5,6,6) (S 29,7,11) (S None,6,3) (D 0,1,1) 
 0 1 8 26 30 5 (D 0,1,1) (S 6,8,8) (S 14,24,24) (S None,23,22) (D 0,1,1) 
 0 1 9 25 51 5 (D 0,1,1) (S 15,15,17) (S 2,3,3) (S 12,21,21) (D 0,1,1) 
 0 1 10 18 30 4 (D 0,1,1) (S None,21,18) (S 13,23,23) (D 0,1,1) 
