1239
9
6954999
4841000
 0 1 1 65 132 14 (D 0,1,1) (S 2,5,5) (S 40,1,5) (S 36,1,2) (S None,3,2) (S 1,3,3) (S 54,2,9) (S 54,2,9) (S 41,15,9) (S 41,15,9) (S None,15,14) (S None,17,14) (S 66,7,4) (D 0,1,1) 
 0 1 2 65 138 11 (D 0,1,1) (S 5,8,8) (S 56,13,8) (S 56,13,8) (S 10,13,13) (S 30,8,9) (S 61,18,15) (S None,10,9) (S None,19,18) (S 16,22,22) (D 0,1,1) 
 0 1 3 65 130 10 (D 0,1,1) (S 46,8,14) (S 42,17,13) (S 46,8,14) (S 13,17,17) (S 62,14,13) (S 35,12,13) (S 74,7,12) (S 66,7,4) (D 0,1,1) 
 0 1 4 65 175 12 (D 0,1,1) (S 47,4,5) (S None,13,16) (S 9,12,12) (S 60,6,11) (S 53,16,12) (S 57,11,16) (S 57,11,16) (S 8,11,11) (S 39,16,21) (S 44,22,29) (D 0,1,1) 
 0 1 5 64 130 7 (D 0,1,1) (S 6,9,9) (S 11,15,15) (S None,10,3) (S 58,23,18) (S 59,25,30) (D 0,1,1) 
 0 1 6 64 135 11 (D 0,1,1) (S 4,7,7) (S 32,4,6) (S 3,6,6) (S 38,11,20) (S 73,21,24) (S 51,20,16) (S 63,21,29) (S None,22,17) (S 24,22,25) (D 0,1,1) 
 0 1 7 64 119 9 (D 0,1,1) (S 7,10,10) (S 29,10,19) (S 44,22,29) (S 75,23,22) (S 21,29,29) (S 63,21,29) (S 15,21,21) (D 0,1,1) 
 0 1 8 64 155 12 (D 0,1,1) (S 12,16,16) (S 31,21,28) (S 28,24,28) (S 34,24,27) (S 70,20,21) (S 14,20,20) (S 27,20,27) (S 20,28,28) (S 65,30,25) (S None,30,26) (D 0,1,1) 
 0 1 9 50 125 7 (D 0,1,1) (S 17,25,25) (S 22,30,30) (S 64,26,23) (S 18,26,26) (S 19,27,27) (D 0,1,1) 
