1182
10
12035749
9028999
 0 1 1 75 73 16 (D 0,1,1) (S 5,6,6) (S 9,12,12) (S 105,13,6) (S 107,12,13) (S 73,6,7) (S 1,2,2) (S 89,7,6) (S 88,7,8) (S 85,9,8) (S 85,9,8) (S 7,9,9) (S 74,8,7) (S 102,7,13) (S 8,11,11) (D 0,1,1) 
 0 1 2 75 111 14 (D 0,1,1) (S None,6,5) (S 96,11,5) (S 63,11,19) (S 15,18,18) (S 16,19,19) (S 90,18,29) (S None,33,29) (S 58,33,34) (S None,30,26) (S 26,30,30) (S 92,19,26) (S 68,30,34) (D 0,1,1) 
 0 1 3 75 104 14 (D 0,1,1) (S 79,6,1) (S 79,6,1) (S 103,6,13) (S 102,7,13) (S 10,13,13) (S 17,20,20) (S 47,13,14) (S 6,8,8) (S 48,9,15) (S 20,23,23) (S 27,31,31) (S 98,42,44) (D 0,1,1) 
 0 1 4 75 97 12 (D 0,1,1) (S 4,5,5) (S 18,21,21) (S 106,22,21) (S 19,22,22) (S 59,21,27) (S 23,26,26) (S 30,34,34) (S 61,34,40) (S 36,40,40) (S 37,41,41) (D 0,1,1) 
 0 1 5 75 175 15 (D 0,1,1) (S 67,2,3) (S None,9,3) (S 69,9,16) (S 69,9,16) (S None,15,14) (S 62,15,16) (S 87,16,24) (S None,23,24) (S 91,23,31) (S 28,32,32) (S 81,31,22) (S 110,31,23) (S None,43,45) (D 0,1,1) 
 0 1 6 73 152 17 (D 0,1,1) (S 11,14,14) (S 12,15,15) (S 82,31,37) (S 80,32,38) (S 101,28,32) (S 70,37,36) (S 77,42,41) (S None,48,47) (S 51,40,41) (S 72,48,41) (S 72,48,41) (S 44,48,48) (S 75,35,41) (S 97,49,48) (S 40,44,44) (D 0,1,1) 
 0 1 7 74 144 15 (D 0,1,1) (S 13,16,16) (S 109,17,10) (S 109,17,10) (S 14,17,17) (S None,25,24) (S 22,25,25) (S 25,28,28) (S 54,38,43) (S 41,45,45) (S None,43,37) (S None,43,50) (S 104,45,50) (S None,50,44) (D 0,1,1) 
 0 1 8 75 116 12 (D 0,1,1) (S 2,3,3) (S 3,4,4) (S None,28,38) (S 39,43,43) (S 33,37,37) (S 32,36,36) (S 38,42,42) (S 64,44,49) (S 45,49,49) (S 42,46,46) (D 0,1,1) 
 0 1 9 73 100 8 (D 0,1,1) (S 24,27,27) (S 49,27,35) (S None,36,35) (S 29,33,33) (S 35,39,39) (S 43,47,47) (D 0,1,1) 
 0 1 10 34 110 7 (D 0,1,1) (S 21,24,24) (S 34,38,38) (S 46,50,50) (S 31,35,35) (S 52,33,46) (D 0,1,1) 
