970
9
4855249
3424499
 0 1 1 65 94 11 (D 0,1,1) (S 3,5,5) (S 24,1,2) (S 56,3,2) (S 56,3,2) (S 1,3,3) (S 51,2,9) (S 25,10,15) (S 55,18,15) (S None,7,4) (D 0,1,1) 
 0 1 2 65 127 12 (D 0,1,1) (S 30,1,8) (S 39,13,8) (S 39,13,8) (S 50,13,16) (S 50,13,16) (S 52,17,13) (S 9,12,12) (S 45,11,12) (S 45,11,12) (S None,11,16) (D 0,1,1) 
 0 1 3 65 121 8 (D 0,1,1) (S 5,8,8) (S 10,14,14) (S None,17,16) (S None,12,16) (S 54,6,11) (S 16,22,22) (D 0,1,1) 
 0 1 4 64 44 5 (D 0,1,1) (S 6,9,9) (S 7,10,10) (S None,9,8) (D 0,1,1) 
 0 1 5 64 116 10 (D 0,1,1) (S 11,15,15) (S 35,15,19) (S None,18,17) (S None,22,17) (S 29,22,25) (S None,30,25) (S None,30,26) (S 62,25,29) (D 0,1,1) 
 0 1 6 64 112 10 (D 0,1,1) (S 4,7,7) (S 2,4,4) (S 49,7,6) (S 49,7,6) (S 27,4,6) (S 23,16,21) (S 47,22,21) (S 60,29,21) (D 0,1,1) 
 0 1 7 62 139 11 (D 0,1,1) (S 12,17,17) (S 59,23,22) (S 15,21,21) (S 60,29,21) (S 21,29,29) (S 36,21,28) (S 37,21,24) (S 58,20,21) (S 44,29,28) (D 0,1,1) 
 0 1 8 63 73 7 (D 0,1,1) (S 8,11,11) (S 14,20,20) (S 18,24,24) (S 40,28,29) (S 22,30,30) (D 0,1,1) 
 0 1 9 54 144 7 (D 0,1,1) (S 13,18,18) (S 31,20,27) (S 20,27,27) (S 17,23,23) (S 19,26,26) (D 0,1,1) 
