122562
28
32912000
30047999
 0 1 1 1745 3443 11 (D 0,1,1) (S 1,2,2) (S 2,3,3) (S 83,16,4) (S 74,5,6) (S None,7,19) (S 99,28,29) (S 89,19,18) (S 83,16,4) (S 134,55,44) (D 0,1,1) 
 0 1 2 1754 3361 9 (D 0,1,1) (S 71,1,2) (S 82,15,14) (S None,13,23) (S 112,43,44) (S 113,45,36) (S 95,24,25) (S None,26,25) (D 0,1,1) 
 0 1 3 1755 6000 13 (D 0,1,1) (S 72,2,14) (S 80,14,13) (S 6,23,23) (S None,43,54) (S 148,64,65) (S None,55,54) (S 135,55,56) (S 149,65,55) (S None,44,45) (S 194,105,92) (S 185,99,86) (D 0,1,1) 
 0 1 4 1755 5582 11 (D 0,1,1) (S None,5,17) (S 106,37,25) (S None,36,37) (S 14,37,37) (S 117,47,37) (S 94,23,24) (S 85,17,27) (S 76,7,20) (S 201,111,112) (D 0,1,1) 
 0 1 5 1745 2854 9 (D 0,1,1) (S 9,27,27) (S 8,26,26) (S 97,27,38) (S None,27,28) (S 86,18,6) (S 3,7,7) (S None,21,31) (D 0,1,1) 
 0 1 6 1740 3907 8 (D 0,1,1) (S None,24,14) (S 7,24,24) (S 87,18,19) (S 10,29,29) (S 75,7,8) (S 104,33,32) (D 0,1,1) 
 0 1 7 1751 5581 10 (D 0,1,1) (S 108,39,29) (S 5,20,20) (S 91,20,30) (S None,8,20) (S 102,31,30) (S 100,31,20) (S 92,22,21) (S 164,80,69) (D 0,1,1) 
 0 1 8 1756 5935 11 (D 0,1,1) (S None,45,46) (S 118,47,38) (S 17,46,46) (S 18,47,47) (S 109,39,38) (S 116,46,57) (S 139,58,57) (S 119,47,48) (S 121,48,59) (D 0,1,1) 
 0 1 9 1747 5307 13 (D 0,1,1) (S 116,46,57) (S 136,56,66) (S None,67,57) (S 138,57,56) (S 22,54,54) (S 27,65,65) (S 150,65,66) (S 151,66,67) (S None,79,68) (S 153,69,59) (S 196,106,93) (D 0,1,1) 
 0 1 10 1756 4272 9 (D 0,1,1) (S 77,10,11) (S 12,33,33) (S None,41,52) (S 16,42,42) (S 21,53,53) (S None,42,34) (S 157,72,71) (D 0,1,1) 
 0 1 11 1756 3597 9 (D 0,1,1) (S 11,31,31) (S None,31,32) (S 110,40,32) (S 111,40,51) (S 129,52,62) (S 160,74,62) (S 158,73,61) (D 0,1,1) 
 0 1 12 1731 3573 10 (D 0,1,1) (S None,31,50) (S 142,60,50) (S 143,60,72) (S 31,71,71) (S 35,82,82) (S 155,71,70) (S 178,94,107) (S 178,94,107) (D 0,1,1) 
 0 1 13 1751 5406 13 (D 0,1,1) (S 63,22,32) (S 130,53,52) (S 131,53,63) (S 26,62,62) (S 160,74,62) (S 37,86,86) (S 169,85,84) (S 33,73,73) (S 171,87,86) (S 170,85,98) (S 147,63,62) (D 0,1,1) 
 0 1 14 1741 5050 10 (D 0,1,1) (S 4,12,12) (S 13,34,34) (S None,33,11) (S 78,11,12) (S 78,11,12) (S 161,75,63) (S 34,75,75) (S 203,113,126) (D 0,1,1) 
 0 1 15 1739 3295 10 (D 0,1,1) (S 15,39,39) (S None,50,49) (S 30,70,70) (S 29,69,69) (S 24,59,59) (S 28,68,68) (S 48,107,107) (S 207,119,106) (D 0,1,1) 
 0 1 16 1750 4719 10 (D 0,1,1) (S 19,48,48) (S 124,49,59) (S None,68,59) (S 154,69,68) (S 153,69,59) (S 41,92,92) (S 198,107,106) (S 126,50,51) (D 0,1,1) 
 0 1 17 1743 4863 8 (D 0,1,1) (S 20,49,49) (S 165,81,70) (S None,82,71) (S 66,82,95) (S 167,83,72) (S 50,110,110) (D 0,1,1) 
 0 1 18 1736 3804 11 (D 0,1,1) (S 23,57,57) (S None,67,78) (S 175,90,91) (S None,104,103) (S 40,90,90) (S 39,89,89) (S 162,76,88) (S 162,76,88) (S 38,88,88) (D 0,1,1) 
 0 1 19 1751 5037 7 (D 0,1,1) (S 25,61,61) (S None,61,62) (S 65,75,87) (S 187,99,100) (S 205,116,103) (D 0,1,1) 
 0 1 20 1708 5165 8 (D 0,1,1) (S 32,72,72) (S 67,96,109) (S 70,110,111) (S 202,112,99) (S 159,73,72) (S 180,97,96) (D 0,1,1) 
 0 1 21 1728 6136 10 (D 0,1,1) (S 36,84,84) (S 168,84,73) (S 127,51,61) (S 144,61,60) (S 120,48,49) (S 122,49,39) (S 42,93,93) (S None,94,81) (D 0,1,1) 
 0 1 22 1735 4939 11 (D 0,1,1) (S 43,99,99) (S 182,98,97) (S 181,97,110) (S 49,109,109) (S None,110,109) (S 200,110,123) (S 211,122,123) (S 209,121,108) (S 56,118,118) (D 0,1,1) 
 0 1 23 1745 2518 8 (D 0,1,1) (S 44,102,102) (S 54,115,115) (S None,116,117) (S 46,105,105) (S 195,105,104) (S 55,117,117) (D 0,1,1) 
 0 1 24 1735 3959 10 (D 0,1,1) (S 45,103,103) (S 174,89,102) (S 204,115,102) (S 204,115,102) (S 193,104,117) (S 195,105,104) (S 57,119,119) (S None,91,104) (D 0,1,1) 
 0 1 25 1753 3787 8 (D 0,1,1) (S 47,106,106) (S 58,120,120) (S 208,120,107) (S 179,95,94) (S 184,98,111) (S 212,124,111) (D 0,1,1) 
 0 1 26 1710 2449 7 (D 0,1,1) (S 51,111,111) (S 52,113,113) (S 61,124,124) (S 60,122,122) (S 210,121,120) (D 0,1,1) 
 0 1 27 1738 4217 9 (D 0,1,1) (S 53,114,114) (S None,101,88) (S None,101,102) (S 190,103,102) (S 196,106,93) (S None,93,94) (S 183,98,99) (D 0,1,1) 
 0 1 28 1318 3806 5 (D 0,1,1) (S 59,121,121) (S 69,109,122) (S 183,98,99) (D 0,1,1) 
