371
7
2492750
1744500
 0 1 1 20 29 8 (D 0,1,1) (S 2,3,3) (S 22,1,2) (S None,4,3) (S 3,4,4) (S 1,2,2) (S 34,4,5) (D 0,1,1) 
 0 1 2 20 21 6 (D 0,1,1) (S 4,5,5) (S 7,10,10) (S 18,9,10) (S 6,9,9) (D 0,1,1) 
 0 1 3 20 59 11 (D 0,1,1) (S 20,10,11) (S 29,12,6) (S 29,12,6) (S 38,12,13) (S 33,12,11) (S 36,11,12) (S 25,13,12) (S 24,13,17) (S 40,18,17) (D 0,1,1) 
 0 1 4 20 65 8 (D 0,1,1) (S 19,6,7) (S None,8,7) (S 17,8,14) (S 5,8,8) (S 41,16,12) (S 9,15,15) (D 0,1,1) 
 0 1 5 20 69 8 (D 0,1,1) (S 8,11,11) (S 16,15,21) (S 26,23,24) (S 35,21,20) (S 28,23,20) (S 10,17,17) (D 0,1,1) 
 0 1 6 20 68 8 (D 0,1,1) (S 15,9,19) (S 39,20,23) (S 23,22,23) (S 31,22,19) (S 11,19,19) (S None,15,16) (D 0,1,1) 
 0 1 7 17 60 6 (D 0,1,1) (S 37,13,14) (S None,18,14) (S None,17,16) (S 12,21,21) (D 0,1,1) 
