880
10
4520750
3546500
 0 1 1 50 47 8 (D 0,1,1) (S 1,2,2) (S None,2,3) (S 6,9,9) (S 2,3,3) (S 50,9,4) (S None,13,4) (D 0,1,1) 
 0 1 2 50 107 12 (D 0,1,1) (S 28,2,8) (S None,9,8) (S 37,2,1) (S 37,2,1) (S 22,31,31) (S 39,5,31) (S 4,5,5) (S None,31,1) (S None,31,28) (S None,10,14) (D 0,1,1) 
 0 1 3 50 72 10 (D 0,1,1) (S None,31,29) (S 20,27,27) (S None,29,30) (S 21,29,29) (S None,27,26) (S None,26,28) (S None,5,10) (S 40,14,15) (D 0,1,1) 
 0 1 4 50 119 12 (D 0,1,1) (S None,31,6) (S 52,5,6) (S 52,5,6) (S None,11,6) (S 8,11,11) (S 36,7,6) (S 43,11,12) (S 10,13,13) (S 9,12,12) (S 3,4,4) (D 0,1,1) 
 0 1 5 50 110 10 (D 0,1,1) (S 56,1,30) (S 56,1,30) (S 17,24,24) (S 45,23,26) (S 19,26,26) (S 16,23,23) (S 29,23,25) (S 38,16,17) (D 0,1,1) 
 0 1 6 50 77 7 (D 0,1,1) (S 7,10,10) (S 11,15,15) (S 58,17,11) (S 57,12,11) (S 62,18,21) (D 0,1,1) 
 0 1 7 47 55 5 (D 0,1,1) (S 5,7,7) (S 27,8,12) (S None,18,12) (D 0,1,1) 
 0 1 8 50 127 7 (D 0,1,1) (S 25,13,19) (S 15,21,21) (S 13,18,18) (S 30,21,22) (S 46,19,20) (D 0,1,1) 
 0 1 9 42 130 8 (D 0,1,1) (S 12,17,17) (S 60,18,19) (S 60,18,19) (S 14,19,19) (S 42,19,22) (S 31,20,22) (D 0,1,1) 
 0 1 10 12 36 3 (D 0,1,1) (S 18,25,25) (D 0,1,1) 
