480
10
2412499
1789999
 0 1 1 27 42 7 (D 0,1,1) (S None,27,24) (S 4,8,8) (S None,27,1) (S 31,1,24) (S None,8,3) (D 0,1,1) 
 0 1 2 27 68 12 (D 0,1,1) (S 1,2,2) (S 30,1,15) (S None,20,15) (S None,20,14) (S 47,13,15) (S 14,13,14) (S None,13,12) (S 29,4,19) (S 40,12,19) (S None,26,25) (D 0,1,1) 
 0 1 3 27 61 8 (D 0,1,1) (S 11,2,12) (S None,19,1) (S 37,8,9) (S 21,5,9) (S 20,4,12) (S 7,16,16) (D 0,1,1) 
 0 1 4 26 59 8 (D 0,1,1) (S None,8,6) (S None,6,5) (S None,4,3) (S None,6,3) (S 2,4,4) (S 25,21,22) (D 0,1,1) 
 0 1 5 25 50 6 (D 0,1,1) (S None,17,15) (S 32,20,21) (S None,23,22) (S None,25,22) (D 0,1,1) 
 0 1 6 25 29 5 (D 0,1,1) (S 8,23,23) (S 9,26,26) (S None,23,21) (D 0,1,1) 
 0 1 7 26 33 5 (D 0,1,1) (S 10,1,3) (S 39,6,9) (S None,5,4) (D 0,1,1) 
 0 1 8 26 50 6 (D 0,1,1) (S None,17,1) (S 3,6,6) (S 5,10,10) (S 18,21,25) (D 0,1,1) 
 0 1 9 26 37 5 (D 0,1,1) (S None,6,4) (S 6,14,14) (S None,18,14) (D 0,1,1) 
 0 1 10 23 51 5 (D 0,1,1) (S None,25,18) (S None,21,18) (S None,11,7) (D 0,1,1) 
