916
10
4560000
3652000
 0 1 1 50 73 8 (D 0,1,1) (S 1,2,2) (S None,2,3) (S None,9,3) (S 20,9,13) (S 41,12,11) (S 47,4,9) (D 0,1,1) 
 0 1 2 50 105 12 (D 0,1,1) (S 59,2,1) (S 22,3,4) (S 58,9,4) (S 18,4,13) (S 57,12,13) (S 56,12,18) (S 42,21,18) (S 42,21,18) (S 37,19,18) (S 57,12,13) (D 0,1,1) 
 0 1 3 49 78 11 (D 0,1,1) (S None,31,1) (S None,31,6) (S 33,11,6) (S 7,11,11) (S 36,10,5) (S None,31,29) (S 16,27,27) (S 52,29,30) (S None,27,26) (D 0,1,1) 
 0 1 4 47 69 11 (D 0,1,1) (S 60,31,5) (S 2,5,5) (S 35,5,10) (S 48,14,10) (S 8,14,14) (S 6,10,10) (S None,14,15) (S 45,10,16) (S 10,17,17) (D 0,1,1) 
 0 1 5 49 107 9 (D 0,1,1) (S 26,1,7) (S 44,6,5) (S 3,6,6) (S 46,17,11) (S 56,12,18) (S 11,18,18) (S 40,1,30) (D 0,1,1) 
 0 1 6 47 98 9 (D 0,1,1) (S 40,1,30) (S 52,29,30) (S 38,29,28) (S 34,26,28) (S 50,23,26) (S None,27,24) (S 14,23,23) (D 0,1,1) 
 0 1 7 50 85 6 (D 0,1,1) (S 17,28,28) (S 5,8,8) (S 4,7,7) (S 9,16,16) (D 0,1,1) 
 0 1 8 50 125 6 (D 0,1,1) (S 39,7,8) (S 24,13,19) (S None,22,21) (S 31,15,16) (D 0,1,1) 
 0 1 9 48 99 5 (D 0,1,1) (S 29,23,25) (S 15,25,25) (S 12,19,19) (D 0,1,1) 
 0 1 10 11 77 3 (D 0,1,1) (S 13,20,20) (D 0,1,1) 
