1210
9
8035999
5885999
 0 1 1 75 93 15 (D 0,1,1) (S 1,2,2) (S 45,3,2) (S 37,3,9) (S 62,3,4) (S 3,5,5) (S 42,4,3) (S None,2,8) (S 75,7,8) (S 73,7,1) (S None,9,8) (S 73,7,1) (S 4,8,8) (S 65,10,15) (D 0,1,1) 
 0 1 2 75 159 13 (D 0,1,1) (S 5,9,9) (S 34,10,11) (S None,17,16) (S None,19,16) (S 10,19,19) (S 43,16,15) (S 60,4,10) (S 8,15,15) (S None,15,14) (S 52,24,14) (S 25,39,39) (D 0,1,1) 
 0 1 3 75 118 13 (D 0,1,1) (S 38,15,25) (S 47,26,19) (S 43,16,15) (S None,16,11) (S None,17,11) (S 68,12,11) (S 68,12,11) (S 79,17,20) (S None,19,20) (S 9,17,17) (S 11,20,20) (D 0,1,1) 
 0 1 4 75 106 10 (D 0,1,1) (S 84,13,7) (S 7,14,14) (S 14,24,24) (S 77,23,24) (S 77,23,24) (S 13,23,23) (S 31,24,25) (S 76,27,21) (D 0,1,1) 
 0 1 5 75 173 12 (D 0,1,1) (S 2,4,4) (S 82,11,5) (S 78,6,12) (S 78,6,12) (S 80,20,27) (S 12,21,21) (S 81,18,22) (S 59,28,27) (S None,32,26) (S 30,25,31) (D 0,1,1) 
 0 1 6 75 160 13 (D 0,1,1) (S None,23,13) (S None,23,29) (S 17,30,30) (S 16,29,29) (S 39,30,31) (S 70,35,36) (S None,40,36) (S 26,40,40) (S 74,39,36) (S 69,40,39) (S None,40,41) (D 0,1,1) 
 0 1 7 75 175 16 (D 0,1,1) (S 6,13,13) (S None,29,34) (S 21,35,35) (S 20,34,34) (S 71,35,39) (S 67,39,35) (S 64,34,38) (S 55,39,38) (S 55,39,38) (S 24,38,38) (S 27,41,41) (S 44,37,33) (S 48,27,33) (S 48,27,33) (D 0,1,1) 
 0 1 8 71 118 9 (D 0,1,1) (S 15,27,27) (S 19,32,32) (S 54,26,25) (S 54,26,25) (S 18,31,31) (S None,36,37) (S 23,37,37) (D 0,1,1) 
 0 1 9 31 108 5 (D 0,1,1) (S 83,22,28) (S 83,22,28) (S 22,36,36) (D 0,1,1) 
