49066
45
25544749
23068000
 0 1 1 120 938 9 (D 0,1,1) (S None,116,115) (S None,116,1) (S 202,116,117) (S 204,2,117) (S 13,115,115) (S None,117,115) (S 175,97,98) (D 0,1,1) 
 0 1 2 117 425 8 (D 0,1,1) (S None,115,114) (S 198,113,114) (S None,113,112) (S None,113,103) (S None,91,90) (S None,90,88) (D 0,1,1) 
 0 1 3 120 582 8 (D 0,1,1) (S 205,117,118) (S None,121,120) (S None,119,117) (S 35,119,119) (S None,120,119) (S None,87,86) (D 0,1,1) 
 0 1 4 118 539 7 (D 0,1,1) (S 208,114,118) (S None,121,118) (S 212,121,122) (S None,122,87) (S None,86,85) (D 0,1,1) 
 0 1 5 117 672 10 (D 0,1,1) (S None,112,110) (S 195,107,112) (S None,107,106) (S 187,105,106) (S None,105,104) (S None,104,102) (S 182,101,102) (S None,101,94) (D 0,1,1) 
 0 1 6 119 865 8 (D 0,1,1) (S 189,107,108) (S 192,107,110) (S None,111,110) (S 22,106,106) (S 183,102,103) (S None,63,62) (D 0,1,1) 
 0 1 7 120 898 8 (D 0,1,1) (S None,108,106) (S 23,101,101) (S 18,94,94) (S None,101,66) (S 127,63,64) (S None,56,55) (D 0,1,1) 
 0 1 8 118 539 8 (D 0,1,1) (S None,103,91) (S 24,90,90) (S None,88,86) (S None,85,84) (S 155,82,84) (S None,83,82) (D 0,1,1) 
 0 1 9 118 657 8 (D 0,1,1) (S 216,120,123) (S 214,122,123) (S None,118,91) (S 161,88,89) (S None,92,89) (S 4,84,84) (D 0,1,1) 
 0 1 10 118 738 4 (D 0,1,1) (S 8,108,108) (S 191,108,109) (D 0,1,1) 
 0 1 11 120 794 5 (D 0,1,1) (S None,91,66) (S 130,62,66) (S None,62,57) (D 0,1,1) 
 0 1 12 117 693 8 (D 0,1,1) (S 7,118,118) (S None,90,68) (S 132,67,68) (S 133,67,69) (S None,70,69) (S None,71,69) (D 0,1,1) 
 0 1 13 117 1063 9 (D 0,1,1) (S None,94,93) (S 170,63,93) (S 12,63,63) (S 169,64,93) (S 128,64,65) (S None,55,54) (S None,45,34) (D 0,1,1) 
 0 1 14 117 833 7 (D 0,1,1) (S 172,94,95) (S 176,96,99) (S None,96,95) (S 174,96,97) (S 178,99,100) (D 0,1,1) 
 0 1 15 118 959 8 (D 0,1,1) (S 179,94,100) (S None,99,97) (S 17,66,66) (S 118,57,58) (S 135,70,71) (S None,74,73) (D 0,1,1) 
 0 1 16 119 750 8 (D 0,1,1) (S 33,123,123) (S None,124,123) (S None,125,123) (S 34,124,124) (S None,126,124) (S 227,131,132) (D 0,1,1) 
 0 1 17 120 989 7 (D 0,1,1) (S None,67,66) (S None,57,56) (S 237,55,140) (S 1,54,54) (S 105,43,46) (D 0,1,1) 
 0 1 18 117 827 10 (D 0,1,1) (S None,92,82) (S None,82,80) (S 149,79,80) (S None,81,79) (S 148,78,79) (S None,78,77) (S 145,76,77) (S 6,76,76) (D 0,1,1) 
 0 1 19 120 815 8 (D 0,1,1) (S None,92,84) (S None,84,83) (S None,83,81) (S 44,79,79) (S None,81,80) (S None,77,46) (D 0,1,1) 
 0 1 20 120 869 8 (D 0,1,1) (S 5,67,67) (S 26,69,69) (S 137,71,72) (S 142,71,75) (S None,70,58) (S 139,72,74) (D 0,1,1) 
 0 1 21 120 892 8 (D 0,1,1) (S 41,83,83) (S 14,81,81) (S None,76,74) (S None,73,72) (S 15,72,72) (S 103,42,47) (D 0,1,1) 
 0 1 22 120 858 6 (D 0,1,1) (S None,124,4) (S 46,126,126) (S None,127,126) (S None,138,136) (D 0,1,1) 
 0 1 23 118 1018 9 (D 0,1,1) (S None,65,56) (S 238,54,140) (S None,140,53) (S 112,52,53) (S None,52,51) (S None,50,48) (S 20,50,50) (D 0,1,1) 
 0 1 24 118 1046 8 (D 0,1,1) (S 236,125,138) (S 29,136,136) (S None,138,131) (S 228,132,133) (S None,134,133) (S 104,46,47) (D 0,1,1) 
 0 1 25 118 999 9 (D 0,1,1) (S 119,58,59) (S None,60,59) (S None,60,45) (S None,45,44) (S 25,45,45) (S 21,60,60) (S None,43,42) (D 0,1,1) 
 0 1 26 119 1301 8 (D 0,1,1) (S 225,126,130) (S 226,126,131) (S 36,131,131) (S 230,133,135) (S 231,134,135) (S None,36,35) (D 0,1,1) 
 0 1 27 120 922 7 (D 0,1,1) (S None,73,44) (S None,43,37) (S 89,35,37) (S 49,35,35) (S 97,37,42) (D 0,1,1) 
 0 1 28 116 1928 9 (D 0,1,1) (S None,136,134) (S 10,135,135) (S 233,136,137) (S 221,127,128) (S 224,127,129) (S 92,38,39) (S None,29,28) (D 0,1,1) 
 0 1 29 120 1477 7 (D 0,1,1) (S None,76,75) (S None,44,43) (S None,37,36) (S 30,38,38) (S None,28,27) (D 0,1,1) 
 0 1 30 120 1274 8 (D 0,1,1) (S 50,140,140) (S None,140,49) (S 108,48,49) (S 107,48,139) (S 106,33,139) (S 80,28,30) (D 0,1,1) 
 0 1 31 119 1432 5 (D 0,1,1) (S None,47,41) (S 95,38,41) (S None,8,6) (D 0,1,1) 
 0 1 32 120 1795 7 (D 0,1,1) (S None,129,128) (S None,128,3) (S 91,36,38) (S 37,39,39) (S 63,13,17) (D 0,1,1) 
 0 1 33 117 1066 6 (D 0,1,1) (S 16,44,44) (S None,35,34) (S 43,59,59) (S None,61,49) (D 0,1,1) 
 0 1 34 120 1432 7 (D 0,1,1) (S 3,53,53) (S 39,51,51) (S None,51,50) (S None,61,59) (S 65,17,18) (D 0,1,1) 
 0 1 35 118 1426 6 (D 0,1,1) (S 47,109,109) (S None,61,60) (S 86,34,139) (S 45,139,139) (D 0,1,1) 
 0 1 36 119 1460 7 (D 0,1,1) (S 93,39,40) (S 27,41,41) (S 94,40,41) (S None,33,29) (S None,27,25) (D 0,1,1) 
 0 1 37 119 1413 6 (D 0,1,1) (S None,33,11) (S None,11,8) (S 38,6,6) (S None,6,5) (D 0,1,1) 
 0 1 38 119 1411 8 (D 0,1,1) (S 32,11,11) (S 54,8,9) (S 60,10,15) (S None,10,9) (S 67,10,19) (S 66,18,19) (D 0,1,1) 
 0 1 39 116 1332 8 (D 0,1,1) (S 57,11,12) (S None,13,12) (S 2,13,13) (S 19,12,12) (S 59,13,14) (S 64,13,16) (D 0,1,1) 
 0 1 40 116 1385 6 (D 0,1,1) (S None,27,11) (S 68,12,20) (S None,22,20) (S 28,22,22) (D 0,1,1) 
 0 1 41 115 1347 5 (D 0,1,1) (S 48,30,30) (S 81,30,31) (S None,26,25) (D 0,1,1) 
 0 1 42 113 1647 8 (D 0,1,1) (S 83,30,32) (S None,25,24) (S None,24,20) (S None,17,15) (S None,16,15) (S 52,6,7) (D 0,1,1) 
 0 1 43 105 1445 6 (D 0,1,1) (S None,24,23) (S None,26,23) (S 82,26,31) (S 11,26,26) (D 0,1,1) 
 0 1 44 114 1757 6 (D 0,1,1) (S 31,5,5) (S 40,9,9) (S 42,14,14) (S 9,31,31) (D 0,1,1) 
 0 1 45 113 1558 4 (D 0,1,1) (S 69,20,21) (S None,23,21) (D 0,1,1) 
