209
8
1296749
807999
 0 1 1 27 34 9 (D 0,1,1) (S 4,5,5) (S 32,1,9) (S 16,4,5) (S 12,1,3) (S None,7,6) (S 10,9,10) (S 26,3,5) (D 0,1,1) 
 0 1 2 27 26 8 (D 0,1,1) (S 5,6,6) (S None,9,7) (S 29,3,9) (S None,9,4) (S 33,2,8) (S 22,5,8) (D 0,1,1) 
 0 1 3 27 24 8 (D 0,1,1) (S 6,8,8) (S None,7,5) (S 13,1,7) (S 1,2,2) (S 15,2,11) (S 25,6,9) (D 0,1,1) 
 0 1 4 26 34 6 (D 0,1,1) (S 18,6,8) (S 27,5,11) (S None,6,4) (S 35,2,3) (D 0,1,1) 
 0 1 5 27 39 7 (D 0,1,1) (S 30,5,10) (S 21,3,11) (S 17,1,11) (S None,4,1) (S 9,7,10) (D 0,1,1) 
 0 1 6 26 18 5 (D 0,1,1) (S 31,9,11) (S 3,4,4) (S 34,2,5) (D 0,1,1) 
 0 1 7 25 26 6 (D 0,1,1) (S None,11,4) (S 28,1,2) (S 14,7,11) (S None,4,2) (D 0,1,1) 
 0 1 8 20 8 4 (D 0,1,1) (S 7,10,10) (S 2,3,3) (D 0,1,1) 
