203984
21
393987249
359049499
 0 1 1 4000 9254 41 (D 0,1,1) (S 346,351,352) (S 1,1,1) (S 347,352,353) (S None,447,410) (S None,358,410) (S 352,358,359) (S 404,358,281) (S 281,281,281) (S 441,281,442) (S None,460,442) (S None,454,442) (S 456,454,455) (S 460,454,461) (S 64,64,64) (S 57,57,57) (S 58,58,58) (S 445,64,420) (S 43,43,43) (S None,347,346) (S None,411,346) (S 39,39,39) (S 407,39,412) (S 16,16,16) (S 408,412,40) (S 40,40,40) (S 35,35,35) (S 268,268,268) (S 81,81,81) (S 82,82,82) (S 262,262,262) (S 140,140,140) (S 38,38,38) (S None,606,573) (S 85,85,85) (S 117,117,117) (S 94,94,94) (S 125,125,125) (S 215,215,215) (S 222,222,222) (D 0,1,1) 
 0 1 2 4000 7455 46 (D 0,1,1) (S 348,352,354) (S 405,353,346) (S 413,39,416) (S 42,42,42) (S None,415,41) (S 442,443,444) (S 24,24,24) (S 465,466,467) (S 380,386,387) (S 44,44,44) (S None,44,423) (S 37,37,37) (S 451,423,38) (S None,397,262) (S 271,271,271) (S 5,5,5) (S 473,477,478) (S 312,312,312) (S None,477,109) (S 395,5,400) (S 393,397,398) (S None,38,355) (S 274,274,274) (S None,355,339) (S 277,277,277) (S None,339,4) (S 3,3,3) (S 4,4,4) (S 453,4,451) (S 2,2,2) (S 416,404,418) (S 275,275,275) (S 286,286,286) (S 66,66,66) (S None,446,445) (S 45,45,45) (S 375,348,382) (S 56,56,56) (S 11,11,11) (S 62,62,62) (S 78,78,78) (S 134,134,134) (S 14,14,14) (S 19,19,19) (D 0,1,1) 
 0 1 3 4000 11105 50 (D 0,1,1) (S 457,456,457) (S 47,47,47) (S 435,435,48) (S 276,276,276) (S 48,48,48) (S 22,22,22) (S None,67,267) (S 267,267,267) (S 344,348,349) (S None,348,45) (S 382,389,279) (S 279,279,279) (S 383,279,390) (S 59,59,59) (S 384,390,364) (S None,7,356) (S 431,264,389) (S 67,67,67) (S 70,70,70) (S 266,266,266) (S None,350,349) (S None,419,349) (S 285,285,285) (S 447,285,27) (S None,383,27) (S 27,27,27) (S 448,27,417) (S None,448,417) (S 430,432,264) (S 351,356,357) (S 264,264,264) (S 7,7,7) (S 12,12,12) (S 454,452,453) (S 417,418,287) (S 36,36,36) (S None,337,336) (S 510,526,527) (S 31,31,31) (S 20,20,20) (S 23,23,23) (S 102,102,102) (S 103,103,103) (S 143,143,143) (S 123,123,123) (S 122,122,122) (S 147,147,147) (S 25,25,25) (D 0,1,1) 
 0 1 4 4000 16328 50 (D 0,1,1) (S 284,284,284) (S 458,458,459) (S 288,288,288) (S 49,49,49) (S 278,278,278) (S 60,60,60) (S 61,61,61) (S 437,16,437) (S 368,375,376) (S None,375,413) (S 411,375,414) (S None,376,415) (S 52,52,52) (S None,41,417) (S 41,41,41) (S 450,275,287) (S 418,287,386) (S 272,272,272) (S 273,273,273) (S 396,401,35) (S 397,35,402) (S 433,433,402) (S 434,433,434) (S 422,360,422) (S 174,174,174) (S 177,177,177) (S 230,230,230) (S 224,224,224) (S 206,206,206) (S 211,211,211) (S 623,645,646) (S 200,200,200) (S 157,157,157) (S 158,158,158) (S 234,234,234) (S 170,170,170) (S 238,238,238) (S 241,241,241) (S 15,15,15) (S 80,80,80) (S 118,118,118) (S 126,126,126) (S 171,171,171) (S 248,248,248) (S 259,259,259) (S 245,245,245) (S 255,255,255) (S 253,253,253) (D 0,1,1) 
 0 1 5 3996 11777 30 (D 0,1,1) (S 63,63,63) (S 579,595,596) (S 99,99,99) (S 580,596,526) (S 50,50,50) (S 65,65,65) (S 556,571,541) (S None,542,541) (S 571,586,587) (S 572,586,588) (S 311,311,311) (S 557,541,492) (S None,572,492) (S 570,572,585) (S None,492,491) (S 581,571,597) (S 582,597,598) (S 137,137,137) (S 583,598,557) (S 584,599,529) (S 498,102,511) (S 129,129,129) (S 542,557,558) (S 499,512,513) (S 319,319,319) (S 135,135,135) (S 191,191,191) (S 254,254,254) (D 0,1,1) 
 0 1 6 3991 6934 48 (D 0,1,1) (S 133,133,133) (S 575,590,591) (S 294,294,294) (S 151,151,151) (S 152,152,152) (S None,152,91) (S 91,91,91) (S 132,132,132) (S 131,131,131) (S 228,228,228) (S 139,139,139) (S None,611,610) (S 173,173,173) (S 242,242,242) (S 229,229,229) (S 213,213,213) (S 221,221,221) (S 329,329,329) (S 204,204,204) (S 677,712,202) (S 202,202,202) (S 678,202,713) (S 217,217,217) (S 624,646,647) (S 165,165,165) (S 684,719,720) (S 665,698,699) (S 189,189,189) (S 666,189,700) (S None,688,687) (S 190,190,190) (S 668,191,701) (S 192,192,192) (S 216,216,216) (S 182,182,182) (S 183,183,183) (S 327,327,327) (S 184,184,184) (S 185,185,185) (S 186,186,186) (S 669,185,194) (S 194,194,194) (S 328,328,328) (S 187,187,187) (S 188,188,188) (S 210,210,210) (D 0,1,1) 
 0 1 7 3990 6764 33 (D 0,1,1) (S 287,287,287) (S None,404,403) (S None,339,338) (S 76,76,76) (S None,493,93) (S None,483,482) (S None,614,613) (S 539,553,86) (S None,479,293) (S 293,293,293) (S 532,86,548) (S 116,116,116) (S 533,548,549) (S 534,550,112) (S 485,94,496) (S None,500,499) (S 95,95,95) (S 307,307,307) (S None,307,505) (S None,504,503) (S 97,97,97) (S None,97,96) (S 501,515,516) (S 104,104,104) (S None,104,516) (S None,104,532) (S 515,104,533) (S 516,534,506) (S None,538,506) (S 565,579,580) (S 318,318,318) (D 0,1,1) 
 0 1 8 3996 6832 20 (D 0,1,1) (S 443,272,51) (S 439,439,440) (S 51,51,51) (S 391,273,396) (S None,429,428) (S None,429,431) (S 466,468,469) (S 282,282,282) (S 71,71,71) (S 72,72,72) (S 73,73,73) (S 74,74,74) (S 426,427,428) (S 464,429,396) (S 428,428,430) (S 469,473,425) (S 55,55,55) (S 291,291,291) (D 0,1,1) 
 0 1 9 3994 10943 25 (D 0,1,1) (S 21,21,21) (S 265,265,265) (S 424,21,424) (S 611,80,631) (S 75,75,75) (S 484,494,495) (S 503,494,517) (S 297,297,297) (S 504,518,519) (S 527,517,544) (S 120,120,120) (S 505,519,520) (S 523,519,539) (S None,581,539) (S 524,539,540) (S 54,54,54) (S 401,401,409) (S None,402,40) (S None,43,420) (S 421,421,360) (S 263,263,263) (S 145,145,145) (S 334,334,334) (D 0,1,1) 
 0 1 10 3983 10298 34 (D 0,1,1) (S 357,364,365) (S 440,38,441) (S 316,316,316) (S None,301,605) (S 301,301,301) (S 540,554,555) (S 618,640,555) (S 541,556,304) (S 141,141,141) (S 600,616,617) (S 304,304,304) (S 509,524,525) (S 535,524,551) (S None,515,551) (S 96,96,96) (S 471,475,476) (S 472,476,125) (S None,607,589) (S 573,476,589) (S 487,498,499) (S None,505,504) (S 493,505,496) (S 486,496,497) (S 489,501,502) (S 546,562,502) (S 569,562,584) (S 115,115,115) (S None,115,561) (S None,566,560) (S None,561,560) (S 128,128,128) (S 698,731,732) (D 0,1,1) 
 0 1 11 3980 7737 29 (D 0,1,1) (S 17,17,17) (S 18,18,18) (S 371,19,20) (S 339,340,341) (S None,342,341) (S 341,342,343) (S 394,341,399) (S 30,30,30) (S 386,392,32) (S 33,33,33) (S 32,32,32) (S 280,280,280) (S 269,269,269) (S 34,34,34) (S 270,270,270) (S 289,289,289) (S 438,392,438) (S 400,407,408) (S 13,13,13) (S None,370,344) (S None,345,344) (S 354,345,362) (S 10,10,10) (S None,10,369) (S None,381,10) (S None,10,367) (S 6,6,6) (D 0,1,1) 
 0 1 12 3980 10249 36 (D 0,1,1) (S 28,28,28) (S 29,29,29) (S 378,29,384) (S 379,29,385) (S None,395,385) (S 296,296,296) (S None,296,368) (S 92,92,92) (S 376,23,368) (S 295,295,295) (S 355,295,363) (S 362,295,9) (S 290,290,290) (S 79,79,79) (S None,388,381) (S 283,283,283) (S None,369,9) (S 9,9,9) (S 369,377,378) (S 8,8,8) (S None,367,340) (S 388,20,393) (S None,394,393) (S None,385,393) (S 365,370,371) (S 366,372,373) (S 367,373,374) (S 385,373,391) (S 436,372,436) (S 46,46,46) (S 359,366,8) (S 370,379,380) (S 90,90,90) (S 223,223,223) (D 0,1,1) 
 0 1 13 3996 9495 14 (D 0,1,1) (S 353,360,361) (S 461,462,463) (S 68,68,68) (S 69,69,69) (S 358,344,366) (S 360,367,368) (S 552,512,569) (S None,570,569) (S 500,513,514) (S 84,84,84) (S 619,641,642) (S 87,87,87) (D 0,1,1) 
 0 1 14 3973 8225 39 (D 0,1,1) (S 591,606,551) (S 520,96,106) (S 106,106,106) (S 521,106,506) (S 603,579,318) (S 495,506,507) (S 98,98,98) (S 127,127,127) (S None,98,507) (S 574,127,126) (S 604,507,622) (S 309,309,309) (S 121,121,121) (S None,516,552) (S 536,551,552) (S 576,94,592) (S 112,112,112) (S 568,550,583) (S 305,305,305) (S 480,487,488) (S 481,489,490) (S 302,302,302) (S None,302,545) (S 110,110,110) (S None,545,108) (S 107,107,107) (S 108,108,108) (S None,406,405) (S 462,464,465) (S 77,77,77) (S None,543,484) (S 89,89,89) (S 478,484,485) (S 479,486,305) (S None,305,114) (S 113,113,113) (S 597,113,612) (D 0,1,1) 
 0 1 15 3971 9192 34 (D 0,1,1) (S 560,573,574) (S 313,313,313) (S 86,86,86) (S 111,111,111) (S None,547,546) (S 88,88,88) (S None,87,483) (S 93,93,93) (S 561,93,575) (S 599,89,615) (S 114,114,114) (S 577,486,593) (S 567,302,582) (S 303,303,303) (S 109,109,109) (S 83,83,83) (S None,604,603) (S None,602,601) (S None,474,292) (S 292,292,292) (S 130,130,130) (S 475,480,481) (S 625,480,648) (S 631,655,656) (S 317,317,317) (S 686,656,650) (S 626,649,650) (S 682,649,717) (S 628,648,652) (S None,654,652) (S None,653,652) (S 161,161,161) (D 0,1,1) 
 0 1 16 3982 9498 30 (D 0,1,1) (S 26,26,26) (S None,450,449) (S 136,136,136) (S None,449,600) (S 138,138,138) (S 148,148,148) (S 594,608,609) (S 605,623,624) (S 601,618,619) (S None,625,619) (S 602,620,621) (S 607,620,626) (S 608,627,628) (S 146,146,146) (S 615,147,636) (S 612,146,632) (S 315,315,315) (S 506,521,298) (S 507,522,523) (S 105,105,105) (S None,523,298) (S 578,522,594) (S 298,298,298) (S 511,521,528) (S 513,530,531) (S None,530,529) (S None,511,529) (S 314,314,314) (D 0,1,1) 
 0 1 17 3980 11920 30 (D 0,1,1) (S 53,53,53) (S 299,299,299) (S 320,320,320) (S 153,153,153) (S 564,577,578) (S 497,510,100) (S 101,101,101) (S 100,100,100) (S 142,142,142) (S 149,149,149) (S 150,150,150) (S 613,150,633) (S 144,144,144) (S 300,300,300) (S 310,310,310) (S 119,119,119) (S None,119,306) (S 306,306,306) (S 563,504,576) (S 517,501,535) (S None,536,535) (S None,537,535) (S 555,501,497) (S 547,502,563) (S 551,567,568) (S 548,563,564) (S 124,124,124) (S 154,154,154) (D 0,1,1) 
 0 1 18 4000 9370 61 (D 0,1,1) (S 155,155,155) (S 664,696,697) (S None,694,693) (S 181,181,181) (S None,693,180) (S 180,180,180) (S 323,323,323) (S 244,244,244) (S None,244,335) (S 249,249,249) (S 335,335,335) (S 247,247,247) (S 246,246,246) (S 243,243,243) (S 260,260,260) (S 250,250,250) (S 251,251,251) (S 252,252,252) (S 696,254,729) (S 697,730,731) (S 699,731,733) (S 656,685,686) (S 172,172,172) (S None,695,694) (S 227,227,227) (S 257,257,257) (S 258,258,258) (S 261,261,261) (S 256,256,256) (S 333,333,333) (S 670,702,703) (S 671,704,195) (S 196,196,196) (S 197,197,197) (S 198,198,198) (S 330,330,330) (S 199,199,199) (S 672,199,705) (S 331,331,331) (S 195,195,195) (S 673,200,706) (S 332,332,332) (S 236,236,236) (S 207,207,207) (S 208,208,208) (S 209,209,209) (S 226,226,226) (S 218,218,218) (S 203,203,203) (S 219,219,219) (S 660,691,692) (S 620,643,644) (S 692,726,727) (S 156,156,156) (S 674,707,708) (S 648,157,676) (S None,718,676) (S 621,158,159) (S 201,201,201) (D 0,1,1) 
 0 1 19 3977 6772 36 (D 0,1,1) (S 159,159,159) (S 643,644,166) (S 324,324,324) (S 166,166,166) (S 167,167,167) (S 644,670,671) (S 212,212,212) (S 642,668,669) (S None,668,676) (S 220,220,220) (S 205,205,205) (S 163,163,163) (S 676,163,711) (S 164,164,164) (S 639,164,665) (S 688,201,723) (S 240,240,240) (S 321,321,321) (S 689,724,235) (S 326,326,326) (S 235,235,235) (S 654,326,170) (S 655,683,684) (S 239,239,239) (S 232,232,232) (S 231,231,231) (S 637,238,663) (S 162,162,162) (S 638,162,664) (S None,659,658) (S 634,659,660) (S 325,325,325) (S 635,660,661) (S 641,667,662) (D 0,1,1) 
 0 1 20 3960 10640 34 (D 0,1,1) (S 160,160,160) (S 675,709,710) (S 322,322,322) (S 179,179,179) (S None,690,689) (S 178,178,178) (S None,178,177) (S 176,176,176) (S 175,175,175) (S 687,722,321) (S 640,234,666) (S 214,214,214) (S 632,657,658) (S None,662,661) (S 693,683,680) (S None,681,680) (S 653,681,682) (S 681,680,716) (S 694,170,728) (S 645,658,672) (S None,725,241) (S 237,237,237) (S 691,725,673) (S None,675,673) (S None,674,673) (S 685,672,721) (S 233,233,233) (S 168,168,168) (S 650,677,678) (S 651,678,679) (S None,715,679) (S None,714,679) (D 0,1,1) 
 0 1 21 3525 13196 21 (D 0,1,1) (S 169,169,169) (S 225,225,225) (S 667,700,190) (S 193,193,193) (S 308,308,308) (S 614,634,635) (S None,509,508) (S 559,508,431) (S 467,468,470) (S 468,471,472) (S 617,470,639) (S 616,637,638) (S 425,425,426) (S 543,559,560) (S 609,629,630) (S 549,564,565) (S 553,569,513) (S 622,474,601) (S 627,650,651) (D 0,1,1) 
