40864
7
64090000
47068999
 0 1 1 2000 4094 37 (D 0,1,1) (S 1,1,1) (S 199,1,210) (S 176,210,211) (S 14,14,14) (S None,138,137) (S None,189,188) (S 33,33,33) (S 69,69,69) (S 178,213,214) (S 124,127,9) (S 25,25,25) (S 26,26,26) (S 9,9,9) (S 129,134,135) (S None,209,208) (S None,148,147) (S None,191,190) (S 104,104,104) (S 120,120,120) (S 236,120,293) (S 135,144,145) (S 165,145,194) (S 67,67,67) (S 128,132,133) (S 12,12,12) (S None,131,130) (S None,248,247) (S None,273,272) (S 54,54,54) (S 84,84,84) (S None,202,201) (S None,201,212) (S None,205,171) (S 4,4,4) (S 93,93,93) (D 0,1,1) 
 0 1 2 2000 3314 31 (D 0,1,1) (S 66,66,66) (S None,124,123) (S 125,10,123) (S 10,10,10) (S 237,294,295) (S 150,169,170) (S None,244,243) (S 228,284,49) (S 169,199,200) (S None,280,279) (S None,290,289) (S None,246,245) (S None,179,240) (S 156,179,180) (S 105,105,105) (S 213,180,264) (S 3,3,3) (S None,229,162) (S None,162,161) (S None,129,128) (S 238,296,297) (S None,187,42) (S None,232,231) (S 42,42,42) (S 56,56,56) (S None,136,129) (S 31,31,31) (S 23,23,23) (S 40,40,40) (D 0,1,1) 
 0 1 3 2000 3229 34 (D 0,1,1) (S 87,87,87) (S None,275,74) (S 74,74,74) (S 98,98,98) (S 65,65,65) (S 49,49,49) (S 206,253,254) (S 22,22,22) (S 53,53,53) (S 85,85,85) (S 101,101,101) (S 64,64,64) (S 34,34,34) (S 2,2,2) (S 72,72,72) (S 91,91,91) (S 99,99,99) (S 97,97,97) (S 102,102,102) (S 103,103,103) (S None,274,235) (S 193,235,236) (S 28,28,28) (S 15,15,15) (S 209,259,78) (S 21,21,21) (S 78,78,78) (S 6,6,6) (S 179,215,125) (S 44,44,44) (S 70,70,70) (S 231,286,287) (D 0,1,1) 
 0 1 4 2000 7356 60 (D 0,1,1) (S 55,55,55) (S None,226,225) (S 197,241,242) (S 214,242,204) (S 226,203,281) (S 171,203,204) (S 94,94,94) (S 83,83,83) (S 24,24,24) (S 95,95,95) (S 76,76,76) (S 30,30,30) (S 48,48,48) (S 47,47,47) (S 141,153,154) (S 115,115,115) (S None,154,156) (S None,156,155) (S 36,36,36) (S 116,116,116) (S 60,60,60) (S 61,61,61) (S 174,61,207) (S None,230,229) (S 218,271,219) (S 117,117,117) (S None,221,220) (S 119,119,119) (S None,233,68) (S 41,41,41) (S 68,68,68) (S 114,114,114) (S None,219,218) (S None,198,180) (S 180,198,176) (S None,266,265) (S 27,27,27) (S 158,183,142) (S 77,77,77) (S 154,176,177) (S None,141,219) (S 13,13,13) (S None,283,282) (S 110,110,110) (S 43,43,43) (S None,122,121) (S 134,143,121) (S None,228,227) (S 59,59,59) (S 136,133,146) (S 39,39,39) (S 20,20,20) (S None,277,276) (S 29,29,29) (S None,150,149) (S 35,35,35) (S 18,18,18) (S 79,79,79) (D 0,1,1) 
 0 1 5 1996 8618 50 (D 0,1,1) (S None,137,249) (S 207,255,256) (S None,255,270) (S None,270,269) (S 50,50,50) (S 160,185,186) (S 192,234,45) (S 45,45,45) (S 149,167,168) (S 86,86,86) (S None,197,108) (S None,108,171) (S 200,205,197) (S 108,108,108) (S 71,71,71) (S 88,88,88) (S 46,46,46) (S 96,96,96) (S 89,89,89) (S 173,206,35) (S 155,35,178) (S None,196,195) (S 143,157,149) (S None,150,250) (S None,252,251) (S 111,111,111) (S None,193,192) (S 16,16,16) (S 118,118,118) (S 38,38,38) (S 100,100,100) (S 80,80,80) (S 62,62,62) (S 63,63,63) (S 58,58,58) (S 73,73,73) (S 82,82,82) (S 5,5,5) (S 11,11,11) (S 7,7,7) (S 112,112,112) (S 90,90,90) (S 81,81,81) (S 51,51,51) (S 132,139,140) (S 230,152,285) (S 8,8,8) (S 52,52,52) (D 0,1,1) 
 0 1 6 1986 9553 36 (D 0,1,1) (S 152,172,173) (S 157,181,182) (S 109,109,109) (S 212,262,263) (S 37,37,37) (S 139,151,152) (S None,142,141) (S 140,142,152) (S 159,184,152) (S 144,158,159) (S 75,75,75) (S None,292,291) (S 57,57,57) (S 32,32,32) (S None,237,32) (S 229,237,175) (S None,175,174) (S None,164,163) (S 181,216,217) (S 184,222,223) (S None,258,257) (S None,288,217) (S 224,278,224) (S 185,224,113) (S None,239,238) (S 113,113,113) (S None,8,160) (S 92,92,92) (S 17,17,17) (S 123,125,126) (S 19,19,19) (S 216,267,268) (S 106,106,106) (S 240,106,299) (D 0,1,1) 
 0 1 7 1500 4700 6 (D 0,1,1) (S 107,107,107) (S 239,298,165) (S None,166,165) (S 210,260,261) (D 0,1,1) 
