2156
12
10270249
8468000
 0 1 1 74 201 12 (D 0,1,1) (S None,6,1) (S None,6,5) (S 21,1,2) (S None,7,6) (S None,5,1) (S 33,6,12) (S None,13,6) (S 6,5,5) (S 43,11,12) (S 7,10,10) (D 0,1,1) 
 0 1 2 75 120 11 (D 0,1,1) (S None,11,5) (S 11,11,11) (S None,18,5) (S 44,11,19) (S 56,18,19) (S None,26,18) (S 59,19,20) (S 13,12,12) (S None,13,12) (D 0,1,1) 
 0 1 3 75 147 12 (D 0,1,1) (S 46,12,20) (S 60,19,26) (S None,29,18) (S 19,26,26) (S None,30,20) (S None,13,7) (S 25,2,7) (S 24,2,3) (S None,9,8) (S 49,14,15) (D 0,1,1) 
 0 1 4 75 212 13 (D 0,1,1) (S 47,13,14) (S 48,13,21) (S 61,20,21) (S 35,7,8) (S 40,9,15) (S 8,14,14) (S None,14,8) (S None,9,3) (S 39,9,10) (S None,4,3) (S 72,26,29) (D 0,1,1) 
 0 1 5 75 187 12 (D 0,1,1) (S 50,14,22) (S None,22,21) (S None,27,21) (S 75,27,30) (S 73,26,30) (S None,34,26) (S 2,30,30) (S 76,27,31) (S None,23,15) (S None,37,36) (D 0,1,1) 
 0 1 6 75 152 11 (D 0,1,1) (S 16,8,8) (S 41,9,16) (S 51,15,16) (S None,23,22) (S 67,23,24) (S 4,16,16) (S 68,23,31) (S 5,22,22) (S 10,31,31) (D 0,1,1) 
 0 1 7 75 184 13 (D 0,1,1) (S 77,27,35) (S None,34,30) (S 78,27,36) (S None,35,34) (S None,33,29) (S 12,29,29) (S None,39,29) (S None,34,33) (S None,40,34) (S 102,40,41) (S 18,41,41) (D 0,1,1) 
 0 1 8 73 211 11 (D 0,1,1) (S 66,22,31) (S None,32,24) (S 53,16,17) (S 54,16,24) (S None,25,24) (S None,25,17) (S None,10,4) (S 42,10,17) (S 71,25,28) (D 0,1,1) 
 0 1 9 75 232 16 (D 0,1,1) (S None,39,33) (S None,40,33) (S 103,40,47) (S None,46,33) (S 1,39,39) (S None,47,46) (S 115,47,48) (S None,41,35) (S 104,41,42) (S None,36,35) (S 105,41,48) (S 106,41,49) (S None,49,44) (S 108,42,44) (D 0,1,1) 
 0 1 10 74 171 12 (D 0,1,1) (S 84,31,32) (S 79,28,32) (S 80,28,38) (S 14,32,32) (S 85,31,37) (S 3,36,36) (S None,37,32) (S 17,25,25) (S 87,32,38) (S None,43,37) (D 0,1,1) 
 0 1 11 74 187 12 (D 0,1,1) (S 97,36,42) (S 9,44,44) (S 107,42,43) (S None,38,37) (S 15,43,43) (S None,43,38) (S 109,43,45) (S 110,43,50) (S None,45,38) (S 20,38,38) (D 0,1,1) 
 0 1 12 36 152 6 (D 0,1,1) (S None,49,48) (S 117,49,50) (S 113,45,50) (S 112,44,50) (D 0,1,1) 
