1319
10
16267500
11918250
 0 1 1 75 120 18 (D 0,1,1) (S None,6,5) (S 65,11,5) (S None,11,12) (S None,13,6) (S None,7,6) (S 4,7,7) (S 73,8,7) (S 101,13,7) (S 73,8,7) (S 101,13,7) (S 9,13,13) (S 60,6,12) (S 37,13,14) (S None,15,9) (S 5,8,8) (S None,7,2) (D 0,1,1) 
 0 1 2 75 110 13 (D 0,1,1) (S 95,6,1) (S 95,6,1) (S 3,5,5) (S 8,11,11) (S 32,19,20) (S None,21,13) (S 62,12,13) (S 62,12,13) (S 40,12,20) (S None,21,20) (S None,30,26) (D 0,1,1) 
 0 1 3 75 80 9 (D 0,1,1) (S 50,8,14) (S 33,15,23) (S 72,22,21) (S 17,27,27) (S 14,21,21) (S 53,27,30) (S 97,19,26) (D 0,1,1) 
 0 1 4 75 142 14 (D 0,1,1) (S 6,9,9) (S 71,16,9) (S 71,16,9) (S None,16,15) (S 10,14,14) (S 102,22,31) (S 68,24,32) (S 59,31,22) (S 94,31,23) (S 94,31,23) (S 75,31,37) (S None,36,35) (D 0,1,1) 
 0 1 5 75 119 14 (D 0,1,1) (S 13,18,18) (S 112,18,26) (S 100,20,30) (S 67,26,18) (S 93,18,29) (S 52,33,34) (S 18,30,30) (S 16,26,26) (S 88,30,34) (S 23,40,40) (S 20,34,34) (S None,40,33) (D 0,1,1) 
 0 1 6 74 131 17 (D 0,1,1) (S 51,9,10) (S None,17,16) (S 45,24,25) (S 70,28,32) (S 109,31,32) (S 19,32,32) (S 34,32,37) (S 114,36,42) (S 74,44,42) (S 74,44,42) (S 26,44,44) (S 24,42,42) (S 111,41,49) (S 80,41,48) (S 111,41,49) (D 0,1,1) 
 0 1 7 75 142 15 (D 0,1,1) (S None,9,3) (S 85,4,10) (S 12,17,17) (S 7,10,10) (S 48,17,25) (S None,28,25) (S 110,28,38) (S 25,43,43) (S 21,37,37) (S 96,43,50) (S 79,43,45) (S 96,43,50) (S 82,45,38) (D 0,1,1) 
 0 1 8 74 149 13 (D 0,1,1) (S 1,2,2) (S None,3,2) (S 2,3,3) (S 11,16,16) (S 105,24,23) (S 15,23,23) (S 77,37,38) (S 110,28,38) (S 27,45,45) (S 98,45,50) (S 30,48,48) (D 0,1,1) 
 0 1 9 72 194 15 (D 0,1,1) (S 66,26,29) (S None,33,29) (S 42,33,46) (S 83,47,40) (S 64,35,34) (S 29,47,47) (S 49,47,48) (S 108,35,41) (S 87,48,49) (S 31,49,49) (S 90,49,50) (S 98,45,50) (S 28,46,46) (D 0,1,1) 
 0 1 10 34 132 6 (D 0,1,1) (S 103,39,29) (S 63,33,39) (S 36,44,50) (S 22,38,38) (D 0,1,1) 
