395
7
979249
576999
 0 1 1 41 94 8 (D 0,1,1) (S 9,6,7) (S None,6,5) (S 14,4,2) (S 2,4,4) (S 20,2,3) (S 24,1,6) (D 0,1,1) 
 0 1 2 38 71 8 (D 0,1,1) (S 22,6,9) (S 19,9,10) (S None,7,3) (S None,8,3) (S 5,8,8) (S 4,7,7) (D 0,1,1) 
 0 1 3 40 47 5 (D 0,1,1) (S None,6,3) (S 7,8,10) (S 12,7,8) (S 15,3,1) 
 0 1 4 40 73 6 (D 0,1,1) (S 6,9,9) (S None,10,7) (S 26,5,7) (S 3,5,5) (D 0,1,1) 
 0 1 5 39 56 4 (D 0,1,1) (S None,8,2) (S 10,4,1) (S None,7,1) 
 0 1 6 35 35 4 (D 0,1,1) (S 1,2,2) (S None,5,4) (D 0,1,1) 
 0 1 7 12 19 2 (D 0,1,1) (S None,5,1) 
