189
8
1332499
826749
 0 1 1 27 36 9 (D 0,1,1) (S 4,5,5) (S None,10,1) (S 13,5,8) (S 27,2,5) (S None,3,1) (S 25,3,4) (S 30,2,11) (D 0,1,1) 
 0 1 2 26 25 6 (D 0,1,1) (S 14,5,7) (S None,11,5) (S None,8,1) (S 8,9,9) (D 0,1,1) 
 0 1 3 26 33 7 (D 0,1,1) (S None,5,4) (S 24,2,9) (S 26,1,11) (S None,7,4) (S 15,2,3) (D 0,1,1) 
 0 1 4 26 27 7 (D 0,1,1) (S 33,5,10) (S None,7,3) (S 9,4,9) (S 28,1,7) (S None,11,4) (D 0,1,1) 
 0 1 5 26 16 5 (D 0,1,1) (S 3,4,4) (S 12,7,9) (S 29,7,10) (D 0,1,1) 
 0 1 6 25 27 6 (D 0,1,1) (S 20,9,10) (S None,10,3) (S 32,1,6) (S 6,7,7) (D 0,1,1) 
 0 1 7 24 13 5 (D 0,1,1) (S 1,2,2) (S 7,8,8) (S None,8,6) (D 0,1,1) 
 0 1 8 25 12 4 (D 0,1,1) (S 2,3,3) (S 5,6,6) (D 0,1,1) 
