118967
26
3576499
3094749
 0 1 1 1556 4795 7 (D 0,1,1) (S None,8,1) (S 14,8,9) (S None,19,9) (S None,19,18) (S 16,9,10) (D 0,1,1) 
 0 1 2 1537 3953 5 (D 0,1,1) (S 15,8,18) (S 35,19,20) (S 29,15,20) (D 0,1,1) 
 0 1 3 1541 5223 7 (D 0,1,1) (S None,2,1) (S 3,2,3) (S None,4,3) (S 7,4,5) (S None,11,10) (D 0,1,1) 
 0 1 4 1506 3786 5 (D 0,1,1) (S 4,2,9) (S 36,19,26) (S None,25,18) (D 0,1,1) 
 0 1 5 1510 4151 6 (D 0,1,1) (S 6,3,10) (S None,16,10) (S None,16,15) (S 38,20,28) (D 0,1,1) 
 0 1 6 1547 4164 5 (D 0,1,1) (S 8,4,11) (S 19,10,15) (S 37,20,21) (D 0,1,1) 
 0 1 7 1507 5448 6 (D 0,1,1) (S 9,5,6) (S None,7,6) (S 13,7,14) (S 48,25,33) (D 0,1,1) 
 0 1 8 1567 5898 7 (D 0,1,1) (S 10,5,12) (S None,13,6) (S None,13,12) (S 31,16,21) (S 56,29,37) (D 0,1,1) 
 0 1 9 1529 5442 6 (D 0,1,1) (S 21,11,12) (S 25,13,14) (S None,24,14) (S 57,29,38) (D 0,1,1) 
 0 1 10 1554 5546 6 (D 0,1,1) (S 22,11,17) (S 30,16,17) (S None,21,17) (S 58,30,31) (D 0,1,1) 
 0 1 11 1352 4587 6 (D 0,1,1) (S 24,12,22) (S None,30,22) (S None,30,29) (S 71,37,38) (D 0,1,1) 
 0 1 12 1415 4353 5 (D 0,1,1) (S 26,13,23) (S None,24,23) (S 46,24,32) (D 0,1,1) 
 0 1 13 1383 4021 5 (D 0,1,1) (S 39,20,29) (S None,37,28) (S 51,27,28) (D 0,1,1) 
 0 1 14 1470 4358 5 (D 0,1,1) (S 40,21,22) (S 59,30,39) (S None,50,39) (D 0,1,1) 
 0 1 15 1449 3997 5 (D 0,1,1) (S 41,21,29) (S None,37,36) (S None,35,26) (D 0,1,1) 
 0 1 16 1347 4412 5 (D 0,1,1) (S 42,22,23) (S None,31,23) (S 60,31,32) (D 0,1,1) 
 0 1 17 1494 5030 6 (D 0,1,1) (S 47,25,26) (S 64,33,34) (S None,35,34) (S 68,35,36) (D 0,1,1) 
 0 1 18 1402 4022 5 (D 0,1,1) (S 49,26,27) (S 53,28,29) (S 72,37,48) (D 0,1,1) 
 0 1 19 1563 4686 6 (D 0,1,1) (S 52,27,36) (S 69,35,44) (S None,47,44) (S None,43,42) (D 0,1,1) 
 0 1 20 1418 4843 6 (D 0,1,1) (S 61,31,40) (S None,41,32) (S None,41,40) (S 91,51,52) (D 0,1,1) 
 0 1 21 1486 4239 5 (D 0,1,1) (S 62,32,40) (S 79,41,52) (S None,51,40) (D 0,1,1) 
 0 1 22 1419 4426 5 (D 0,1,1) (S 65,33,42) (S None,43,34) (S 83,43,46) (D 0,1,1) 
 0 1 23 1483 4233 5 (D 0,1,1) (S 73,38,39) (S None,50,49) (S None,48,47) (D 0,1,1) 
 0 1 24 1324 4187 5 (D 0,1,1) (S 74,38,49) (S 88,48,49) (S 90,50,51) (D 0,1,1) 
 0 1 25 1509 5309 5 (D 0,1,1) (S 75,39,40) (S 81,42,45) (S 86,46,47) (D 0,1,1) 
 0 1 26 1220 3858 4 (D 0,1,1) (S 82,43,44) (S None,46,45) (D 0,1,1) 
