42665
27
56084249
53071750
 0 1 1 235 982 15 (D 0,1,1) (S 265,116,1) (S 170,116,117) (S 265,116,1) (S 170,116,117) (S 171,2,117) (S 171,2,117) (S 45,2,2) (S 172,117,118) (S 41,122,122) (S 34,123,123) (S 176,124,126) (S 176,124,126) (S 3,127,127) (D 0,1,1) 
 0 1 2 233 832 13 (D 0,1,1) (S 173,117,119) (S 19,120,120) (S 269,119,117) (S 172,117,118) (S 270,118,114) (S 168,113,114) (S 168,113,114) (S 262,113,112) (S 262,113,112) (S 260,112,110) (S 259,111,110) (D 0,1,1) 
 0 1 3 235 1032 14 (D 0,1,1) (S 49,114,114) (S 263,113,103) (S 155,102,104) (S 157,105,106) (S 157,105,106) (S 252,105,104) (S 252,105,104) (S 26,104,104) (S 251,104,102) (S 31,94,94) (S 20,95,95) (S 151,97,98) (D 0,1,1) 
 0 1 4 235 1349 17 (D 0,1,1) (S 174,114,118) (S 9,87,87) (S 144,86,87) (S 144,86,87) (S 239,86,85) (S 142,84,85) (S 142,84,85) (S 236,84,82) (S 141,83,84) (S 143,85,86) (S 145,89,92) (S 145,89,92) (S 236,84,82) (S 234,83,82) (S None,47,42) (D 0,1,1) 
 0 1 5 235 1204 14 (D 0,1,1) (S 263,113,103) (S 22,102,102) (S 243,93,64) (S 148,63,93) (S 250,100,99) (S 245,96,95) (S 245,96,95) (S 4,96,96) (S 154,99,100) (S 248,99,96) (S 12,99,99) (S 151,97,98) (D 0,1,1) 
 0 1 6 233 1512 15 (D 0,1,1) (S 261,112,107) (S 164,110,112) (S 261,112,107) (S 258,110,107) (S 258,110,107) (S 163,110,111) (S 13,111,111) (S 254,107,106) (S 159,107,108) (S 254,107,106) (S 159,107,108) (S 160,106,108) (S 152,96,99) (D 0,1,1) 
 0 1 7 233 1482 11 (D 0,1,1) (S 271,124,4) (S 271,124,4) (S 50,126,126) (S 273,127,126) (S 273,127,126) (S 178,127,128) (S 181,127,129) (S 178,127,128) (S 184,131,132) (D 0,1,1) 
 0 1 8 235 1701 9 (D 0,1,1) (S 18,108,108) (S 160,106,108) (S 44,106,106) (S 161,108,109) (S 15,103,103) (S 242,92,82) (S 119,67,69) (D 0,1,1) 
 0 1 9 233 1657 12 (D 0,1,1) (S 161,108,109) (S 243,93,64) (S 148,63,93) (S 212,66,62) (S 209,63,62) (S 114,63,64) (S 209,63,62) (S 114,63,64) (S 199,56,55) (S 199,56,55) (D 0,1,1) 
 0 1 10 234 1492 16 (D 0,1,1) (S 193,125,138) (S 191,136,138) (S 191,136,138) (S 46,136,136) (S 289,138,125) (S 288,138,131) (S 280,132,131) (S 35,132,132) (S 279,131,126) (S 181,127,129) (S 276,129,128) (S 276,129,128) (S 183,126,131) (S 119,67,69) (D 0,1,1) 
 0 1 11 235 1228 11 (D 0,1,1) (S 182,126,130) (S 182,126,130) (S 192,131,138) (S 285,136,134) (S 281,133,132) (S 16,131,131) (S 185,132,133) (S 189,134,136) (S 282,134,133) (D 0,1,1) 
 0 1 12 233 1504 19 (D 0,1,1) (S 237,84,83) (S 146,82,92) (S 233,82,80) (S 139,81,83) (S 233,82,80) (S 139,81,83) (S 138,82,83) (S 232,81,80) (S 232,81,80) (S 231,81,79) (S 231,81,79) (S 39,80,80) (S 134,79,80) (S 134,79,80) (S 229,79,78) (S 229,79,78) (S 93,46,47) (D 0,1,1) 
 0 1 13 232 1844 14 (D 0,1,1) (S 190,136,137) (S 190,136,137) (S 282,134,133) (S 188,134,135) (S 188,134,135) (S 27,133,133) (S 187,133,135) (S 187,133,135) (S 275,128,3) (S 214,68,67) (S 120,69,70) (S 122,69,71) (D 0,1,1) 
 0 1 14 235 1695 18 (D 0,1,1) (S 117,66,67) (S 120,69,70) (S 122,69,71) (S 121,70,71) (S 219,72,71) (S 121,70,71) (S 219,72,71) (S 24,70,70) (S 2,71,71) (S 293,70,58) (S 293,70,58) (S 105,57,58) (S 105,57,58) (S 112,57,62) (S 116,62,66) (S None,45,34) (D 0,1,1) 
 0 1 15 232 1259 13 (D 0,1,1) (S 117,66,67) (S 118,67,68) (S 124,72,73) (S 221,74,72) (S 221,74,72) (S 222,74,73) (S 129,74,76) (S 132,77,78) (S 132,77,78) (S 28,77,77) (S 224,76,75) (D 0,1,1) 
 0 1 16 232 1816 12 (D 0,1,1) (S 275,128,3) (S 124,72,73) (S 222,74,73) (S 129,74,76) (S 226,77,76) (S 227,77,46) (S 94,43,46) (S None,43,42) (S None,47,41) (S 81,38,39) (D 0,1,1) 
 0 1 17 235 1660 13 (D 0,1,1) (S 150,96,97) (S 246,97,96) (S 249,99,97) (S 153,97,99) (S 115,64,65) (S 115,64,65) (S 104,56,57) (S 208,62,57) (S 198,55,54) (S 194,55,140) (S 198,55,54) (D 0,1,1) 
 0 1 18 235 1670 13 (D 0,1,1) (S 106,58,59) (S 203,60,59) (S 203,60,59) (S 204,60,45) (S 75,34,139) (S 95,33,139) (S None,33,29) (S 69,28,29) (S 38,28,28) (S None,30,28) (S 25,45,45) (D 0,1,1) 
 0 1 19 234 1683 10 (D 0,1,1) (S 106,58,59) (S 109,60,61) (S 101,49,140) (S 194,55,140) (S 104,56,57) (S 11,75,75) (S 223,73,44) (S 77,35,36) (D 0,1,1) 
 0 1 20 230 1526 14 (D 0,1,1) (S 128,75,76) (S 226,77,76) (S 227,77,46) (S None,43,37) (S 89,43,44) (S None,45,44) (S 108,45,60) (S 110,59,61) (S 111,49,61) (S 111,49,61) (S 43,49,49) (S 96,48,49) (D 0,1,1) 
 0 1 21 234 1664 12 (D 0,1,1) (S 223,73,44) (S 76,34,35) (S 79,36,37) (S None,42,37) (S 78,35,37) (S 21,35,35) (S 7,36,36) (S 80,36,38) (S 14,39,39) (S 47,61,61) (D 0,1,1) 
 0 1 22 232 1566 13 (D 0,1,1) (S 110,59,61) (S 5,48,48) (S None,50,48) (S 98,50,51) (S 99,52,53) (S 42,51,51) (S 100,53,140) (S 195,54,140) (S 195,54,140) (S 205,61,60) (S 48,44,44) (D 0,1,1) 
 0 1 23 234 2435 16 (D 0,1,1) (S 32,38,38) (S 82,39,40) (S None,41,38) (S 10,41,41) (S 83,40,41) (S None,33,11) (S None,12,11) (S 23,12,12) (S None,13,12) (S 6,13,13) (S 57,13,14) (S 58,13,16) (S None,8,6) (S 68,27,28) (D 0,1,1) 
 0 1 24 234 1974 10 (D 0,1,1) (S None,11,8) (S None,6,5) (S 30,8,8) (S 53,8,9) (S 59,10,19) (S 60,12,20) (S None,22,20) (S 8,20,20) (D 0,1,1) 
 0 1 25 229 1902 10 (D 0,1,1) (S 196,11,27) (S 33,30,30) (S 71,30,31) (S None,26,25) (S 65,24,25) (S None,24,20) (S 36,24,24) (S 29,25,25) (D 0,1,1) 
 0 1 26 233 2312 9 (D 0,1,1) (S 196,11,27) (S 72,30,32) (S None,27,25) (S None,24,23) (S None,21,20) (S 1,21,21) (S 37,32,32) (D 0,1,1) 
 0 1 27 40 1684 4 (D 0,1,1) (S 40,14,14) (S 17,7,7) (D 0,1,1) 
