988
9
3910000
2869000
 0 1 1 65 87 12 (D 0,1,1) (S 38,2,36) (S 65,37,3) (S None,4,3) (S 2,4,4) (S 68,2,3) (S 77,7,6) (S 75,12,11) (S 12,16,16) (S 8,11,11) (S None,16,15) (D 0,1,1) 
 0 1 2 64 72 13 (D 0,1,1) (S 48,2,6) (S 75,12,11) (S 63,16,10) (S 66,9,10) (S 66,9,10) (S 79,9,8) (S 70,40,1) (S 64,2,1) (S 48,2,6) (S 9,12,12) (S 4,6,6) (S 64,2,1) 
 0 1 3 64 126 14 (D 0,1,1) (S 42,1,6) (S 5,7,7) (S 35,13,19) (S 80,18,13) (S None,7,3) (S 1,3,3) (S 51,13,18) (S 45,18,17) (S 13,17,17) (S 69,20,17) (S 26,37,37) (S 27,38,38) (D 0,1,1) 
 0 1 4 65 122 10 (D 0,1,1) (S None,1,11) (S 50,1,8) (S 70,40,1) (S 23,33,33) (S 71,26,33) (S 39,26,34) (S 49,35,34) (S 17,22,22) (D 0,1,1) 
 0 1 5 65 104 9 (D 0,1,1) (S 24,35,35) (S None,34,33) (S 29,26,27) (S 20,28,28) (S 31,27,34) (S 49,35,34) (S 41,22,25) (D 0,1,1) 
 0 1 6 65 116 10 (D 0,1,1) (S 32,35,36) (S 73,37,36) (S 47,37,30) (S 62,31,37) (S None,38,31) (S None,30,29) (S 25,36,36) (S 78,38,39) (D 0,1,1) 
 0 1 7 65 131 10 (D 0,1,1) (S 7,10,10) (S 79,9,8) (S None,14,8) (S 10,14,14) (S 11,15,15) (S 6,8,8) (S None,36,29) (S 78,38,39) (D 0,1,1) 
 0 1 8 61 102 11 (D 0,1,1) (S 14,18,18) (S None,22,21) (S 16,21,21) (S 53,21,20) (S 37,23,24) (S None,21,24) (S 18,24,24) (S 15,20,20) (S 44,39,5) (D 0,1,1) 
 0 1 9 45 128 8 (D 0,1,1) (S 19,27,27) (S None,39,32) (S None,31,30) (S 21,31,31) (S 3,5,5) (S 22,32,32) (D 0,1,1) 
