42548
9
1773749
1249249
 0 1 1 1868 5092 11 (D 0,1,1) (S 1,2,2) (S 2,3,3) (S 34,9,8) (S 33,8,7) (S 32,7,13) (S 35,9,14) (S None,20,14) (S 50,20,19) (S 42,13,14) (D 0,1,1) 
 0 1 2 1874 3770 9 (D 0,1,1) (S 28,1,2) (S 29,3,4) (S 4,5,5) (S 5,6,6) (S 41,12,11) (S 12,17,17) (S 60,26,22) (D 0,1,1) 
 0 1 3 1860 4316 11 (D 0,1,1) (S 7,8,8) (S 6,7,7) (S 9,13,13) (S 10,14,14) (S 51,20,28) (S None,27,19) (S 26,27,28) (S 21,28,28) (S 61,26,31) (D 0,1,1) 
 0 1 4 1855 5168 10 (D 0,1,1) (S 31,7,1) (S 43,14,15) (S 46,16,17) (S None,18,17) (S 13,18,18) (S 38,11,5) (S 41,12,11) (S 56,23,26) (D 0,1,1) 
 0 1 5 1837 3449 10 (D 0,1,1) (S 3,4,4) (S 39,11,10) (S 45,16,10) (S 45,16,10) (S 47,16,22) (S 52,21,20) (S 11,15,15) (S 15,21,21) (D 0,1,1) 
 0 1 6 1874 6471 9 (D 0,1,1) (S 36,10,4) (S 30,6,12) (S 57,24,17) (S 48,18,12) (S 49,18,25) (S 58,24,23) (S 65,31,32) (D 0,1,1) 
 0 1 7 1842 4914 8 (D 0,1,1) (S 16,22,22) (S 53,22,23) (S 63,30,26) (S 53,22,23) (S 17,23,23) (S 64,30,31) (D 0,1,1) 
 0 1 8 1850 3942 7 (D 0,1,1) (S 54,22,29) (S 22,30,30) (S 23,31,31) (S 19,25,25) (S 59,25,24) (D 0,1,1) 
 0 1 9 1881 5426 8 (D 0,1,1) (S 8,12,12) (S 14,19,19) (S 20,27,27) (S 27,28,29) (S 62,29,30) (S 18,24,24) (D 0,1,1) 
